0.0354
0.0372
0.0407
0.0465
0.0513
0.051
0.0491
0.0514
0.0588
0.0658
0.0649
0.0585
0.061
0.056
0.0492
0.0488
0.037
0.0262
0.0122
0.0078
0.0155
0.0154
0.0002
0.0028
0.0187
0.0061
0.0027
0.0009
0.0106
0.0208
0.0249
0.0304
0.0371
0.0399
0.0384
0.0331
0.0278
0.0245
0.0249
0.0272
0.0286
0.0287
0.0294
0.0308
0.0334
0.0347
0.0346
0.03
0.0247
0.0159
0.0091
0.0021
0.0145
0.0288
0.0279
0.026
0.0241
0.0234
0.0275
0.0367
0.0441
0.0476
0.0485
0.0432
0.0421
0.0418
0.0417
0.0382
0.034
0.0306
0.0291
0.0294
0.0289
0.0285
0.0316
0.0333
0.0355
0.0298
0.0266
0.0275
0.0299
0.0318
0.0359
0.0392
0.0359
0.0311
0.0274
0.021
0.0155
0.0176
0.0218
0.0244
0.0228
0.0253
0.0299
0.0328
0.0347
0.0348
0.0339
0.0344
0.0366
0.04
0.0424
0.0417
0.0394
0.0359
0.0341
0.0357
0.0359
0.0368
0.0369
0.0367
0.0361
0.0341
0.0313
0.0291
0.0289
0.0302
0.0333
0.0368
0.0406
0.044
0.0476
0.0562
0.0632
0.0675
0.07
0.071
0.0685
0.0631
0.0591
0.0564
0.0541
0.0497
0.0424
0.0348
0.0311
0.0312
0.0317
0.0295
0.0249
0.0198
0.0209
0.0253
0.03
0.0353
0.0414
0.0488
0.0543
0.0557
0.0534
0.0537
0.0604
0.0714
0.0571
0.0354
0.0084
0.0205
0.0101
0.0041
0.0086
0.0266
0.0396
0.04
0.0375
0.0366
0.0348
0.0284
0.0199
0.0123
0.0096
0.0137
0.0232
0.0369
0.0496
0.0529
0.0489
0.04
0.0304
0.0228
0.0171
0.0146
0.0175
0.0223
0.0279
0.0362
0.0485
0.0633
0.0795
0.0935
0.093
0.0884
0.0845
0.0792
0.0717
0.0686
0.0741
0.0827
0.0839
0.0834
0.0821
0.0814
0.0844
0.0842
0.0839
0.0844
0.0868
0.0897
0.0926
0.0932
0.0931
0.0933
0.0938
0.0903
0.0815
0.0717
0.0679
0.0705
0.0677
0.0509
0.0429
0.0406
0.0402
0.0392
0.039
0.0423
0.0439
0.0454
0.0471
0.0495
0.0514
0.0544
0.0569
0.0587
0.0572
0.0545
0.0555
0.0566
0.0575
0.0601
0.0606
0.0588
0.0537
0.0496
0.05
0.0556
0.0574
0.0526
0.0431
0.0434
0.0427
0.0209
0.0131
0.0232
0.033
0.0374
0.0398
0.043
0.0444
0.0366
0.0413
0.0451
0.0328
0.0211
0.0088
0.009
0.0101
0.0196
0.03
0.0428
0.0534
0.0643
0.0744
0.0775
0.0783
0.0769
0.0708
0.0656
0.0669
0.0687
0.0675
0.0681
0.0688
0.0649
0.0537
0.0471
0.0413
0.0382
0.0358
0.0312
0.0255
0.0187
0.015
0.0142
0.0178
0.0258
0.0318
0.0346
0.0372
0.0375
0.0359
0.0403
0.0531
0.0627
0.0623
0.0653
0.0695
0.0722
0.073
0.081
0.0803
0.0705
0.0667
0.0707
0.0527
0.0389
0.0336
0.0292
0.0268
0.0283
0.0288
0.0291
0.0235
0.0174
0.0241
0.0405
0.0527
0.0545
0.0446
0.0353
0.0311
0.0256
0.0183
0.0145
0.0174
0.0201
0.0262
0.0318
0.038
0.0408
0.0454
0.0502
0.0514
0.0414
0.0091
0.0139
0.0246
0.0227
0.0213
0.0219
0.0262
0.0336
0.0347
0.0314
0.0211
0.0112
0.0107
0.0158
0.0185
0.0225
0.0269
0.0239
0.025
0.0275
0.0273
0.0229
0.015
0.0083
0.0077
0.012
0.0113
0.0121
0.0133
0.0145
0.0135
0.0234
0.0415
0.0416
0.0423
0.0411
0.0375
0.0313
0.0282
0.0343
0.0451
0.0547
0.0447
0.0288
0.0209
0.0166
0.017
0.0183
0.015
0.0106
0.0106
0.0117
0.0143
0.015
0.0174
0.0117