0.0627
0.0629
0.0651
0.0629
0.0651
0.08
0.0931
0.092
0.0795
0.0677
0.0762
0.0985
0.0864
0.0543
0.0256
0.0
0.0149
0.043
0.0907
0.1193
0.1109
0.113
0.1504
0.1391
0.2036
0.1293
0.1405
0.1553
0.1422
0.1226
0.113
0.0971
0.0787
0.0707
0.0725
0.0817
0.0915
0.0996
0.0991
0.0942
0.0862
0.0821
0.0773
0.0741
0.07
0.0682
0.0694
0.0825
0.0994
0.1263
0.1534
0.1803
0.1586
0.1282
0.1321
0.1334
0.1282
0.1134
0.0857
0.0495
0.0281
0.0201
0.0206
0.0335
0.0413
0.045
0.0483
0.0607
0.0736
0.084
0.0905
0.0942
0.0998
0.1025
0.0913
0.0784
0.0604
0.07
0.0771
0.0759
0.0712
0.0661
0.0549
0.0481
0.0578
0.0705
0.0864
0.1135
0.1373
0.1481
0.1502
0.1529
0.164
0.1603
0.1523
0.1495
0.1491
0.1511
0.1491
0.1386
0.1209
0.0992
0.0807
0.0711
0.0677
0.0675
0.0666
0.0586
0.0593
0.0665
0.0796
0.0966
0.1134
0.1296
0.1449
0.1568
0.1648
0.1716
0.1771
0.1782
0.1752
0.1699
0.1575
0.1274
0.0922
0.0606
0.0348
0.0184
0.0199
0.0326
0.0431
0.0503
0.056
0.065
0.0758
0.0853
0.0844
0.0735
0.0614
0.0557
0.0627
0.0823
0.0981
0.1077
0.1155
0.1168
0.1099
0.0906
0.0739
0.0689
0.0753
0.0761
0.0639
0.0459
0.11
0.1953
0.2926
0.3715
0.33
0.2901
0.2287
0.1491
0.086
0.0596
0.0558
0.0539
0.0649
0.0899
0.1204
0.1438
0.1542
0.1462
0.122
0.0867
0.0591
0.0607
0.0801
0.1074
0.1368
0.1637
0.1873
0.2039
0.2056
0.2008
0.1928
0.1787
0.1501
0.1097
0.0606
0.0127
0.0
0.0
0.0
0.0084
0.0244
0.0331
0.0205
0.001
0.0
0.0
0.0017
0.0057
0.0
0.0
0.0
0.0
0.0
0.0
0.0
0.0
0.0
0.0
0.0
0.0
0.0
0.0
0.0
0.0
0.0203
0.0753
0.1048
0.1162
0.1212
0.1288
0.1347
0.1274
0.123
0.1196
0.1183
0.1166
0.1163
0.1138
0.1106
0.1091
0.1139
0.119
0.1118
0.1005
0.0896
0.0775
0.0727
0.0748
0.0839
0.0873
0.082
0.0679
0.0612
0.074
0.0993
0.091
0.0867
0.1512
0.1769
0.1558
0.132
0.1188
0.1089
0.0988
0.0987
0.1373
0.1412
0.1283
0.1596
0.1898
0.2163
0.2145
0.2103
0.1859
0.1606
0.1285
0.1011
0.0742
0.0498
0.0386
0.031
0.0265
0.0321
0.038
0.0295
0.0247
0.0322
0.0289
0.025
0.0319
0.058
0.0733
0.0868
0.0937
0.1018
0.1171
0.1366
0.1573
0.1679
0.1701
0.1595
0.1321
0.1032
0.0805
0.0602
0.0554
0.0754
0.091
0.0902
0.0974
0.1174
0.1182
0.1057
0.0904
0.0745
0.0282
0.0
0.0
0.0
0.0
0.0671
0.1156
0.1307
0.1381
0.1356
0.127
0.122
0.1211
0.1383
0.1564
0.139
0.1039
0.0857
0.0961
0.1333
0.1722
0.201
0.2213
0.2385
0.2431
0.2363
0.2255
0.1937
0.1506
0.1038
0.0701
0.0451
0.0325
0.0561
0.1452
0.2374
0.1814
0.1356
0.118
0.093
0.0695
0.0443
0.0196
0.0215
0.0446
0.0912
0.1374
0.1527
0.1582
0.1758
0.183
0.1743
0.1748
0.1654
0.1539
0.1501
0.161
0.1808
0.1997
0.2073
0.2042
0.2024
0.1946
0.1851
0.1758
0.1729
0.1634
0.132
0.1283
0.1226
0.1186
0.1229
0.1384
0.1464
0.1345
0.1114
0.095
0.1302
0.176
0.196
0.2063
0.2073
0.2059
0.2114
0.2111
0.1944
0.1762
0.1579
0.1519
0.1495
0.1754