3467.9544
2413.0515
2581.1901
1831.0545
1076.7907
939.2297
723.2381
1281.0738
635.5154
285.7675
445.3071
151.6032
1919.2511
885.0318
844.6911
1235.9888
11813.6184
73423.8052
16464705.7332
5116807594.1036
1382702.3278
893211.0103
100.0
2.0397466102212862e+22
79736.319
166482755115.1484
1.508166864427737e+23
9.693278696968953e+68
5303351.3341
23487.3681
17489.8295
4980.1795
3178.2257
3571.966
3089.171
2597.4374
4767.5912
12062.4056
5909.985
3350.4236
3039.3375
3652.5637
4556.6756
1823.1298
4835.7757
3933.0135
907.3526
694.4734
1688.4704
48811.0452
51782865.4032
7.386261873305486e+28
783105.908
17006.8563
27982.9678
41855.922
65651.9828
78400.6876
35487.4837
8095.6478
1439.2256
859.215
1104.1858
643.6204
728.0753
2009.7056
1364.7929
1632.4272
2076.7788
2750.8531
3973.1724
9665.745
6775.9863
6390.4897
9546.0571
3691.433
1115.6651
1969.0325
5493.5221
3530.7607
963.0322
680.9549
2123.2865
1138.0173
2936.4975
3694.1658
3488.9342
21538.3971
283755.2475
29892.9552
5301.2641
12192.2533
24174.8733
12396.7509
2526.7763
946.8011
1187.2229
625.955
536.7939
1105.816
808.6695
554.8808
1528.6365
800.9091
450.5017
475.9522
1173.991
2227.2357
3884.688
4348.0416
3426.6094
1521.2437
1126.3547
1789.168
919.6548
620.2399
746.1721
1091.8584
1518.8396
1175.7665
501.6975
674.0787
444.8617
287.1404
180.841
78.2139
47.2382
36.4439
271.6121
451.9359
462.0821
229.0013
81.1037
43.048
490.7489
2583.946
2672.1367
2827.7397
1755.5199
4049.3046
17266.3502
95943.7624
86771.63
17189.6781
5040.3974
1212.659
338.2575
128.4407
294.8748
592.267
183.1224
12.498
45.792
58.0033
78.2639
1312.3198
81706560.6234
21316.3584
42227445.4054
1900951865487368.5
76058216.2853
3058.5659
929.9046
610.165
665.908
1612.7454
1137.5167
2089.6508
17450.1142
927411.1476
96159276.0558
3012103.8585
41088.776
1179.5616
63.6292
94.7978
758.0798
4011.4418
10687.1697
20205.4189
59019.6614
251645.8377
36677.9969
15526.5131
10912.3142
1499.5642
446.0352
373.2601
170.4653
124.1609
60.7108
8.5519
47.9373
245.8933
493.0032
599.3443
111.3887
11.1348
122.5149
46.9044
40.9102
65.5339
37.317
27.4154
37.1536
21.2807
36.7921
28.4984
80.833
16.4062
49.7769
56.9778
46.6139
221.977
251.2001
404.8775
359.9185
208.4874
378.3231
1588.3681
2630.3285
2238.3032
4618.0597
7127.3028
8794.1214
3983.0787
960.2375
266.5256
336.277
298.5083
670.2289
1968.8372
1182.0425
603.4576
284.9576
70.171
52.6276
544.4217
1413.5246
1007.5747
1164.9936
1027.5219
329.3099
173.1538
390.7292
1151.74
470.4305
596.9006
1061.0409
637.5258
140.002
22056.4383
2649719.1637
15875.9814
818.932
2071.1888
847.402
660.4928
634.9209
752.3856
1029.5836
1514.7325
10635.3587
92955.5422
145779211.3936
100715125.1209
16259445.6164
38873.5052
8728.9982
978.2189
440.3494
641.2636
102.2218
25.258
61.5946
57.9798
18.3426
367.3805
127.6985
114.9638
88.9576
40.9127
70.8074
31.5645
194.1048
475.8076
1137.2631
2749.7581
1960.221
1997.8738
5688.058
152278.5502
1024692.6675
1541476.0527
123972.3571
4832.8448
1443.5573
964.8997
2735.5695
1453.4556
6257.4455
2421.8049
1178.2973
772.2133
290.7825
360.3076
53.3047
29.4382
129.2241
95.6245
45.6151
61.3371
148.0532
34.6187
157.2466
2531.0949
4941.655
10153.8755
2983.5039
1353.9609
4841.0159
1557.3748
19873.388
343192.257
20844.0529
455.4007
23.1991
124.6015
1788.4939
5246.4105
6723.1482
18839.3975
166815.5104
278762.0325
75582.7294
33978.2252
14793.3155
12261.9004
6037.0109
3012.6669
1971.7629
754.6004
575.3014
887.8399
46333580.0787
333055.5347
4717.3064
12272.5947
43749.2194
58087.4499
17134.1683
6372.0886
5163.2762
9688.6372
65488.5019
11358441.8505
18408706.7662
157422.9497
68325.9742
36776.4377
12159.5039
34967.9434
27108.3152
22809.5612
11302.3649
7362.3805
125799.4487
104137336.708
308892769.363
1028044.9801
2086239.111
2034084.5305
1633067.458
1379888.8276
2635592.9438
28070.793
1458.4815
1311.2185
1170.8047
1273.7535
1933.1939
6537.2635
10856.8295
4945.3975
2297.506
1401.2621
1758.6061
5919.6165
38657.4923
252709.5633
237251.0292
210565.9785
694810.3155
24626336.5887
44080679.974
19953574.6726
2227911.7952
784964.6115
68823.8077
5628001.8321