296.0039
224.4006
345.1072
351.1656
242.0492
198.8385
117.6482
303.457
180.0403
78.4774
146.6741
5.1056
722.7638
242.9755
151.5467
248.7838
1406.4123
2595.6303
4251.9153
5924.4891
2547.0085
1534.9353
301134.489
5061.0997
421.7992
2280.379
7848.0014
6562.981
217.0598
187.7324
417.2488
235.201
317.4785
477.1245
350.0924
140.9037
128.0704
230.4556
74.8749
46.759
63.2652
98.5143
169.2288
32.8268
353.2648
318.9928
3.8008
49.8928
49.7544
13.631
472.605
2992.8917
806.5475
816.8634
1225.204
1396.274
1542.2579
1628.2346
1487.9644
911.036
216.1949
136.948
209.7217
45.0519
50.9426
276.6385
159.8693
141.275
110.9162
93.5688
127.9133
464.8868
273.8323
232.7281
633.7666
243.6161
35.2165
26.3123
119.0547
61.5602
33.9193
39.1592
156.1059
85.736
252.1389
171.9377
57.8437
171.824
441.208
34.6408
17.5209
226.3547
371.9452
296.1329
63.4604
9.9754
33.836
24.0318
38.8363
21.3209
11.2907
3.6033
201.5233
60.4267
16.444
33.6483
25.5016
165.2391
361.4388
452.9319
343.5204
99.7774
43.5937
86.1972
24.9682
59.4719
54.0922
23.3736
46.351
59.094
0.3955
57.5376
34.5348
35.3496
21.5691
14.16
25.0102
29.1214
83.0206
138.4549
116.2785
15.8534
41.2083
61.1354
9.9528
181.59
97.6985
111.3582
41.7537
145.4089
408.439
784.6689
974.4778
441.8243
223.8926
43.4066
23.8186
40.3374
29.3974
138.3792
10.3459
63.9269
78.2926
77.9728
35.5669
56.8382
210.9523
136.321
1407.1941
1474.1215
291.9623
23.5028
58.5815
12.3373
1.0311
109.7372
29.6082
11.2569
66.2922
163.0574
1826.5603
2020.2684
766.2928
61.2709
55.7886
39.4528
125.1881
551.6399
613.8731
288.6969
121.6987
204.8662
62.4687
168.33
422.3915
89.3291
40.3
105.1846
64.275
64.1859
16.9931
36.9682
65.9395
108.8822
212.6852
245.2163
16.8402
43.3082
44.4654
5.3741
62.6277
78.452
59.0111
16.9144
10.9299
48.5607
7.5843
9.9423
31.0548
15.063
63.4045
68.5514
7.7214
127.1636
119.9758
166.2108
123.7487
58.5549
131.5024
383.0743
422.7566
286.1165
658.9316
984.1968
1218.9607
652.9608
114.948
19.043
4.8761
7.3776
124.7436
580.5033
359.5114
167.6424
39.1954
43.7941
47.8494
128.4785
452.9437
338.9927
408.6773
329.3047
37.5024
26.0555
35.0438
329.9992
107.8222
114.1918
125.2619
45.4972
54.562
176.99
1245.5004
237.9492
18.723
184.1318
48.515
46.0939
53.2986
4.1597
96.055
249.3616
823.725
1114.3867
816.8497
746.8191
507.3507
239.7347
456.4253
104.779
71.1998
230.3877
12.3092
56.1177
77.1341
75.5749
38.7927
115.3011
7.9918
6.4207
9.0543
71.1751
15.2697
40.4379
6.0092
38.6489
113.569
296.4331
136.5648
52.7696
87.4465
888.4936
1384.5285
1429.6007
498.3122
68.2937
20.0615
9.3633
266.6693
105.1369
632.9677
307.6092
300.3577
272.6113
65.209
110.339
22.7829
62.3937
23.9587
21.6076
66.541
17.0521
17.3061
66.2053
20.6671
287.1006
370.2188
477.7767
24.2694
26.659
164.6403
7.3596
347.9584
1357.7319
427.3014
8.6782
62.0975
25.9512
297.6117
486.2289
387.6071
527.5226
850.9383
226.2534
211.8963
236.0985
443.484
856.2948
738.8544
422.5034
357.0386
137.7504
97.3983
72.3673
397.8872
165.4917
34.6223
134.7945
504.2295
810.5602
535.1571
507.315
448.3864
622.2702
752.2713
1233.6485
1234.8421
239.5146
317.0372
565.692
400.7472
758.3863
711.8312
922.0019
391.7375
48.6877
88.1415
213.0422
233.3125
122.3571
159.5354
397.1879
821.8057
1459.0418
1559.9293
516.0064
173.26
149.9416
134.5328
135.5554
168.8765
385.9614
442.0457
407.0452
421.3899
397.9375
294.0484
224.5408
374.0517
683.3814
770.1606
1097.1044
907.561
1378.2231
2581.4395
3384.232
2179.5951
1091.4691
183.8815
905.6394