0.0239
0.0273
0.0256
0.0287
0.0361
0.0379
0.0399
0.0335
0.0441
0.055
0.0502
0.0535
0.0157
0.0391
0.0386
0.0343
-0.0089
-0.0317
-0.034
-0.0342
-0.0194
-0.006
-0.0199
-0.0095
0.0105
-0.0069
-0.0155
-0.0032
0.0076
0.0159
0.0143
0.0221
0.0243
0.0208
0.0241
0.0266
0.0226
0.0178
0.0213
0.0239
0.0247
0.024
0.0229
0.0274
0.021
0.0228
0.0317
0.0288
0.0237
0.0144
0.0045
-0.0032
0.0033
0.0072
-0.0024
-0.0059
-0.0084
-0.0099
-0.0082
0.0061
0.0324
0.038
0.0357
0.038
0.0368
0.0286
0.0326
0.0306
0.0281
0.0258
0.0237
0.0158
0.02
0.0207
0.0126
0.0239
0.0315
0.0267
0.0218
0.0238
0.0283
0.0303
0.0283
0.0332
0.0255
0.0242
0.0238
0.0162
0.0084
0.0156
0.0203
0.0178
0.0139
0.0171
0.0259
0.0304
0.0309
0.0326
0.0322
0.0309
0.0332
0.0365
0.0317
0.0362
0.0366
0.0339
0.0306
0.0279
0.0223
0.02
0.0234
0.0306
0.0318
0.0289
0.0294
0.0282
0.0278
0.0283
0.0293
0.032
0.0373
0.0381
0.0422
0.0495
0.0562
0.0621
0.0651
0.0662
0.0568
0.0494
0.0477
0.0506
0.0513
0.048
0.0385
0.0268
0.026
0.0258
0.028
0.0236
0.0145
0.0052
0.0023
0.014
0.0221
0.0311
0.0387
0.0463
0.0482
0.044
0.0492
0.0521
0.0592
0.0699
0.0539
0.0309
0.0061
0.0164
-0.0033
-0.0016
0.0056
0.0239
0.0344
0.0362
0.0344
0.0303
0.0311
0.0258
0.0172
0.0095
-0.0068
-0.0113
0.0066
0.032
0.0477
0.0501
0.0395
0.0184
0.0127
0.0155
0.0139
0.0108
0.0151
0.0173
0.016
0.0305
0.0427
0.0514
0.0665
0.077
0.0813
0.0826
0.0815
0.0628
0.0503
0.0464
0.0658
0.078
0.0716
0.0754
0.079
0.0796
0.0809
0.0771
0.0763
0.08
0.0785
0.0812
0.0796
0.0847
0.0894
0.0902
0.0829
0.0687
0.0635
0.0535
0.0537
0.0599
0.0531
0.0297
0.0241
0.0276
0.0149
0.004
-0.0036
0.0157
0.036
0.0423
0.0429
0.045
0.0414
0.022
0.0338
0.0447
0.0501
0.0519
0.0529
0.0452
0.0293
0.0364
0.0328
0.0363
0.0473
0.0465
0.0442
0.0346
0.0468
0.0429
0.035
0.0381
0.0411
0.0161
-0.0021
0.0168
0.0308
0.0286
0.0349
0.0377
0.0387
0.0334
0.0346
0.0318
0.008
-0.0001
0.0016
0.0022
0.0047
0.0141
0.0164
0.0354
0.0455
0.0448
0.0663
0.0741
0.0765
0.0751
0.0667
0.0526
0.0601
0.0619
0.0618
0.0662
0.0633
0.0614
0.0493
0.0416
0.0339
0.0257
0.0289
0.0273
0.0216
0.0032
-0.004
-0.0044
0.0088
0.0222
0.0287
0.0315
0.026
0.0312
0.0142
0.0266
0.0346
0.0415
0.053
0.0527
0.0645
0.0696
0.0643
0.0711
0.0776
0.0649
0.0595
0.0685
0.0491
0.0265
0.0206
0.0154
0.0241
0.0266
0.0225
0.0269
0.0148
-0.004
0.0136
0.0374
0.0509
0.051
0.0296
0.0183
0.0187
0.0124
0.0037
0.0105
0.0128
0.0144
0.0145
0.0069
0.0117
0.0231
0.0279
0.04
0.0426
0.0355
0.0051
0.0107
0.0219
0.0183
0.0107
0.0054
0.0126
0.0169
0.0191
0.0128
0.0062
-0.0019
-0.0019
0.0112
0.012
0.0101
0.0159
0.007
0.0083
0.0045
0.0163
0.0201
0.0126
0.006
0.0054
0.0096
0.0087
0.0069
0.0027
-0.0049
-0.0058
0.0115
0.032
0.033
0.034
0.0331
0.0292
0.0188
0.0157
0.0201
0.0253
0.0308
0.0299
0.0212
0.0127
0.0056
0.0045
-0.0001
0.0021
-0.0032
-0.0144
-0.0239
-0.0136
-0.0003
0.0132
0.0014