0.0242
0.0275
0.026
0.0293
0.0367
0.0384
0.0403
0.0341
0.0447
0.0556
0.0509
0.0538
0.0165
0.0398
0.0391
0.0348
-0.0094
-0.0337
-0.0357
-0.0357
-0.0201
-0.0062
-0.0203
-0.0096
0.0106
-0.007
-0.0158
-0.0032
0.0076
0.0159
0.0145
0.0223
0.0246
0.0212
0.0244
0.0268
0.0227
0.018
0.0214
0.024
0.0248
0.0241
0.023
0.0275
0.0213
0.023
0.0318
0.0288
0.0237
0.0144
0.0045
-0.0032
0.0033
0.0073
-0.0024
-0.0061
-0.0087
-0.0103
-0.0086
0.0063
0.0328
0.0384
0.0361
0.0382
0.037
0.029
0.0329
0.0308
0.0283
0.0259
0.0238
0.016
0.0202
0.0209
0.0129
0.0241
0.0316
0.0268
0.022
0.0239
0.0283
0.0303
0.0285
0.0334
0.0258
0.0244
0.0239
0.0163
0.0084
0.0156
0.0203
0.0179
0.0141
0.0173
0.026
0.0304
0.031
0.0327
0.0322
0.031
0.0333
0.0366
0.032
0.0364
0.0367
0.034
0.0307
0.0282
0.0226
0.0204
0.0237
0.0308
0.0319
0.0291
0.0295
0.0282
0.0278
0.0284
0.0294
0.0321
0.0374
0.0384
0.0424
0.0498
0.0566
0.0625
0.0654
0.0665
0.0574
0.0501
0.0482
0.0509
0.0514
0.0481
0.0387
0.027
0.0262
0.0259
0.0281
0.0237
0.0147
0.0053
0.0023
0.0142
0.0222
0.0312
0.0388
0.0464
0.0485
0.0446
0.0495
0.0521
0.0593
0.07
0.0541
0.031
0.0061
0.0165
-0.0034
-0.0016
0.0056
0.024
0.0345
0.0364
0.0345
0.0305
0.0312
0.0259
0.0172
0.0095
-0.0069
-0.0116
0.0067
0.0322
0.0478
0.0503
0.0399
0.0188
0.0129
0.0156
0.014
0.0108
0.0152
0.0174
0.0162
0.0307
0.0429
0.052
0.0674
0.0783
0.0823
0.0831
0.0818
0.0638
0.0514
0.0475
0.0663
0.0783
0.0725
0.076
0.0793
0.0797
0.0812
0.0777
0.0769
0.0803
0.0792
0.0819
0.0807
0.0854
0.0897
0.0905
0.0839
0.0702
0.0646
0.0545
0.0545
0.0605
0.0539
0.0304
0.0246
0.0279
0.0152
0.0041
-0.0038
0.0161
0.0363
0.0425
0.0431
0.0452
0.0418
0.0228
0.0346
0.0453
0.0505
0.052
0.0531
0.0457
0.0301
0.0373
0.0338
0.0371
0.0476
0.0466
0.0444
0.0353
0.0473
0.0433
0.0353
0.0383
0.0412
0.0162
-0.0022
0.0169
0.0309
0.0289
0.0351
0.0379
0.0389
0.0335
0.0348
0.0322
0.0082
-0.0001
0.0016
0.0022
0.0047
0.0141
0.0166
0.0357
0.0458
0.0457
0.0668
0.0744
0.0767
0.0752
0.0669
0.0533
0.0606
0.0623
0.0621
0.0664
0.0637
0.0616
0.0495
0.0418
0.0342
0.026
0.0291
0.0274
0.0216
0.0033
-0.0041
-0.0045
0.0089
0.0223
0.0288
0.0316
0.0263
0.0314
0.0146
0.027
0.0353
0.0424
0.0535
0.0533
0.0648
0.0698
0.0649
0.0718
0.0779
0.0653
0.0599
0.0686
0.0493
0.0268
0.0209
0.0156
0.0241
0.0267
0.0227
0.0269
0.015
-0.0041
0.0138
0.0376
0.051
0.0511
0.0301
0.0186
0.0189
0.0126
0.0038
0.0105
0.0129
0.0145
0.0147
0.0071
0.012
0.0235
0.0284
0.0404
0.043
0.0357
0.0051
0.0107
0.022
0.0184
0.0108
0.0055
0.0128
0.0172
0.0194
0.0131
0.0063
-0.0019
-0.0019
0.0113
0.0121
0.0103
0.016
0.0072
0.0085
0.0046
0.0165
0.0202
0.0126
0.006
0.0054
0.0097
0.0088
0.0069
0.0027
-0.0049
-0.0059
0.0117
0.0323
0.0333
0.0343
0.0333
0.0294
0.0191
0.0159
0.0203
0.0258
0.0316
0.0303
0.0213
0.0128
0.0057
0.0046
-0.0001
0.0021
-0.0032
-0.0147
-0.0248
-0.014
-0.0003
0.0133
0.0015