343.2387
325.6524
295.7515
253.7874
226.0675
227.4481
238.1876
225.4183
190.7385
164.4517
167.5231
191.9962
181.6663
202.5713
237.28
239.7895
328.0755
465.3521
941.0582
1433.7621
757.1027
761.3354
150401.2594
4214.523
639.5635
1836.8742
4371.8061
16261.9778
1076.9478
578.1061
488.5069
401.9314
327.2409
302.3238
315.1394
368.0991
439.2076
496.7325
489.607
449.5741
427.9515
426.1026
416.4344
396.8782
364.9389
350.8524
351.7928
406.9038
493.2589
738.8019
1230.3461
5811.1508
804.3334
424.6856
438.4438
468.2739
505.4476
518.4341
444.449
330.9606
269.7844
246.7859
241.6805
276.1518
284.431
286.9612
287.7226
316.7103
358.8333
398.7684
420.0025
416.3815
423.133
429.508
386.141
366.4349
342.9898
410.4796
458.3668
444.7467
408.496
383.4744
338.9351
307.8799
338.1558
392.7719
445.9978
575.1766
757.478
675.9307
555.6044
499.1288
531.1431
480.6613
408.3793
372.3669
350.762
350.0205
359.8313
354.5282
331.802
301.5403
282.5364
287.2707
306.4936
338.924
356.9437
340.1702
338.3219
330.0677
328.7071
331.0911
337.0387
356.886
389.8422
419.3898
423.3618
404.7926
366.7164
329.6964
296.0942
270.9353
246.8406
202.0329
173.5038
158.9327
151.2355
148.4963
155.8708
173.7673
189.3317
201.0855
211.7506
234.7148
281.8886
349.7238
393.3255
391.97
385.6626
413.9506
488.9648
605.9513
576.726
481.8601
407.0093
345.0636
290.1951
239.7383
210.5252
204.0304
214.9873
213.3564
183.9963
147.1581
197.6395
343.1753
1327.1769
588.083
1123.8905
2749.5905
1299.6534
458.5331
304.7792
301.5532
323.1111
331.8209
349.9255
430.4694
603.1624
934.5821
1176.3731
850.6538
523.1144
328.4543
235.4193
217.4055
239.1275
301.3189
401.6043
532.7228
693.2054
800.1062
677.4767
543.7559
437.8795
335.7818
241.8093
173.2909
126.5476
99.5837
100.4788
108.4218
115.9427
127.3647
146.4195
155.5565
139.8429
119.5502
117.0391
118.1706
120.7845
122.4348
116.0111
116.4119
116.9994
116.111
111.3166
106.0067
101.1309
100.1406
100.3411
99.8755
99.1288
105.0402
122.1704
146.4229
157.5612
149.972
158.2724
228.0922
278.4332
296.3946
299.5442
307.8902
309.262
283.0169
271.4088
260.7987
250.2129
235.7706
225.5702
210.0326
198.7511
190.8341
197.5889
209.4932
205.0494
200.1855
196.2237
185.3721
183.4377
190.7349
213.5061
235.1769
233.0803
204.3455
196.5903
218.8616
276.8101
274.7656
279.8077
575.6589
880.9032
522.5258
369.1958
324.0463
302.6367
278.0239
267.895
332.0678
290.379
263.367
372.3074
571.369
1281.5716
1255.2154
1119.753
611.3798
406.9862
279.4208
214.9176
169.5388
139.1729
131.3527
129.3755
132.7652
149.1032
165.0438
161.0559
155.1563
159.0371
157.1826
154.8795
167.4136
213.7927
250.0032
291.0431
316.8452
339.3057
391.0044
478.4168
640.2928
783.3219
818.7157
669.0309
472.9439
383.6516
352.1775
325.4487
322.9848
338.8341
298.9654
216.4174
175.289
176.6998
166.1451
152.7723
144.9315
142.8999
123.2477
124.7236
149.9308
161.452
149.1885
218.4224
310.2046
363.1782
419.2411
455.3195
431.2556
424.7593
420.1172
516.5305
681.2783
504.6232
296.9072
218.7338
209.7312
266.7429
344.6416
393.0962
476.0198
652.9086
803.3322
684.1543
599.2061
465.8478
384.2632
318.9207
294.4139
260.9526
231.6892
225.3396
289.7353
1232.9454
839.1267
493.8103
533.6068
565.9232
553.138
464.8022
362.4863
350.5209
389.5384
571.7982
1015.3813
1059.3614
745.8997
646.361
538.686
453.8918
507.5295
486.9875
444.4758
448.0967
528.6399
780.4025
1348.5956
1441.6924
959.4727
1010.1017
948.2462
871.1184
806.5999
860.9705
519.129
289.1478
287.9278
282.9214
291.8484
322.8145
390.401
433.3552
354.6609
262.7299
208.9445
265.8826
424.044
577.8396
711.4357
695.3714
653.1581
783.2376
1076.5795
1075.3672
979.0796
815.8534
778.9503
684.2086
976.9716