3092.5459
2522.7494
1781.5168
1086.2471
777.7657
790.965
900.9271
771.6294
500.9676
355.4519
370.3328
509.0592
445.8507
581.7884
891.112
918.495
2594.6193
12692.5615
3560349.5917
1217743946.312
395511.8874
415985.4582
0.0
1.6656448434270412e+22
97854.498
128470247165.1392
8.295686919453411e+22
2.365786187864249e+69
18014079.3464
47391.2682
16612.4155
6091.5213
2569.6405
1923.541
2232.9491
4121.6655
9373.7832
18282.224
16826.4915
10569.8551
8228.8471
8054.7203
7202.7968
5746.1927
3973.9608
3377.1286
3414.0329
6451.6493
17557.3352
318008.1707
111265125.6685
1.3877848004683098e+29
694898.6587
7923.7932
9291.2499
13130.5253
20236.8823
23548.5578
9960.4385
2682.8289
1313.3012
999.0407
939.6442
1415.7149
1560.3969
1607.3868
1621.7923
2274.0757
3703.3691
5873.0026
7506.1113
7198.3892
7782.7845
8378.3655
5076.1893
4043.2145
3083.6524
6723.7783
11704.3164
9994.8452
6571.424
4922.2916
2942.3373
2052.1636
2915.9212
5480.0844
10140.7704
45786.6102
397285.5076
150572.1932
36384.5679
18799.846
27319.7678
15163.3576
6562.5751
4329.8624
3373.5989
3344.8092
3746.3139
3523.6778
2709.1072
1906.0496
1526.0812
1613.2272
2019.3065
2941.9587
3623.4037
2984.689
2921.5294
2655.2184
2613.6831
2686.8871
2878.4618
3620.9873
5297.8101
7453.1286
7803.4069
6296.2055
4056.3782
2643.8181
1788.6649
1331.2713
999.6965
577.8745
400.8171
329.9629
296.9422
285.8607
316.486
402.2079
492.0506
571.044
652.2825
863.909
1514.5165
3333.3563
5515.2269
5429.5812
5048.2257
6998.9598
16701.1842
65784.8869
46628.3474
15376.2122
6459.5159
3158.5069
1669.4386
917.9277
642.4482
592.5162
678.9175
665.3761
459.4778
280.5692
546.7993
3090.2758
348732606.7402
53294.4579
31488404.9681
3320480067232774.0
252191198.8645
11726.912
1979.3829
1906.3349
2449.4765
2709.6985
3341.1367
8472.081
63656.4228
3295232.8522
58715684.2947
1208499.2002
24872.0071
2606.0344
871.3022
699.4565
911.1958
1901.1348
6068.5488
27829.2873
184854.8252
660694.3637
153360.2384
31666.2694
9230.753
2836.8831
941.1004
399.697
208.3502
135.9603
138.0255
157.301
177.2229
210.9063
277.6827
315.1287
253.0055
187.3967
180.2711
183.457
190.9738
195.8348
177.412
178.5229
180.1603
177.6885
164.7688
151.2552
139.5432
137.2427
137.7064
136.6314
134.9189
148.8818
195.0499
277.6958
323.8691
291.7883
327.0176
797.1934
1454.2412
1794.9517
1862.1804
2052.4095
2085.4402
1534.7149
1338.7322
1180.7435
1040.8676
875.0107
773.0618
638.5321
554.518
501.5787
546.45
634.2692
600.1121
564.6216
537.106
467.6922
456.1782
500.9445
666.6083
868.7519
846.9794
594.8556
539.601
712.0944
1426.73
1392.7872
1477.9365
46046.9724
1734844.556
24701.5352
4174.1905
2476.1953
1930.5704
1447.2559
1284.3015
2717.4608
1673.0376
1217.2693
4326.8863
43782.6326
203770175.6867
149287257.4552
29977203.9475
70135.9405
6457.7941
1471.2286
678.3335
380.3802
250.5921
223.7251
217.2981
228.4051
288.2869
358.2808
339.5831
313.4072
330.4308
322.2035
312.2207
369.7934
668.9745
1038.2612
1686.0915
2277.6407
2954.9812
5369.378
14772.7677
98702.5964
540739.0246
825125.4991
138737.3375
13862.4236
4932.3725
3429.2474
2516.7976
2445.891
2938.9008
1849.6456
690.9964
410.3188
417.9626
363.5933
303.3099
271.939
264.25
198.2629
202.7282
291.6215
341.4032
288.6292
708.2612
2108.4384
3893.9726
7440.3248
11297.8658
8549.5023
7930.5479
7516.0673
23030.8543
160439.3528
20043.291
1805.73
710.9775
636.1469
1266.9207
3143.1333
5500.6447
14366.8588
114603.1879
686640.5882
166012.413
60755.6482
12765.8203
4967.3206
2333.2056
1753.8882
1182.902
832.8132
770.8889
1660.4778
114738640.3312
1052988.3739
17670.4388
28118.6393
41069.3105
35347.1302
12611.8092
3862.9761
3364.2125
5279.2568
44004.0474
8647893.9892
14609652.4522
346071.4621
106052.5963
29840.8559
11112.3699
20734.2722
16321.2616
9963.5285
10390.4278
26531.5314
522225.2478
448627305.5985
1336068845.8205
4436453.8145
8119950.4527
3879635.386
1543364.4789
713963.4397
1367078.5804
23740.4569
1649.0947
1625.6955
1532.9959
1702.0531
2441.0628
5332.0987
8759.777
3529.084
1208.1105
629.9596
1254.087
7865.2129
47242.9802
229591.533
189674.3279
114942.5179
540195.4828
17935261.3825
17678200.0816
5607042.444
797392.0534
513254.0463
166119.5411
5467661.5331