1.22
1.1627
2.0961
3.2417
3.353
2.8824
1.856
3.9852
4.2784
3.9716
5.2403
1.4255
14.2392
4.4852
2.1671
2.9212
5.2859
3.3503
0.5809
0.2145
0.7087
0.43
0.0
0.008
0.2396
0.0399
0.0111
0.0003
0.0276
0.182
0.5536
0.6491
1.4756
2.5549
1.7716
0.6053
0.3381
0.3359
0.1859
0.2027
0.2619
0.3226
0.4688
0.2671
1.168
1.2112
0.2977
0.0935
0.0522
0.0329
0.0328
0.002
0.1999
1.505
1.9752
1.8243
1.5817
1.5382
2.271
3.4596
1.9222
1.8366
2.5398
0.8268
0.7927
1.9298
1.3217
0.9363
0.571
0.3838
0.3868
0.9841
0.6205
0.5278
1.601
0.8749
0.4174
0.2297
0.2852
0.2306
0.1219
0.1355
0.8183
0.781
1.1326
0.5641
0.2234
0.1747
0.1447
0.0518
0.0591
0.3268
0.3895
0.4457
0.3018
0.2187
0.3872
0.2211
0.1643
0.3402
0.3781
0.462
1.6132
0.8195
0.3559
0.212
0.3451
0.8386
1.4821
1.9068
1.5477
0.6828
0.4663
0.5122
0.1591
0.0691
0.0761
0.1453
0.3718
0.5504
0.4675
0.9465
1.0421
1.7823
2.3642
2.08
2.0551
2.0319
4.6545
4.6195
3.3677
1.5443
0.6849
0.3447
0.592
0.8217
0.4084
0.4411
0.3104
0.4351
0.5426
0.4821
0.6847
0.605
0.6041
0.4351
0.3783
0.5
1.5304
3.0597
1.0036
0.412
0.3637
0.6457
0.8982
0.4834
0.0141
0.1416
0.1146
0.0081
0.0189
0.1606
0.6862
0.5009
0.3703
0.7124
0.3776
0.1753
0.092
0.0359
0.1269
0.3908
0.7497
0.564
0.389
0.6581
1.9001
2.9119
1.3858
0.3178
0.0787
0.0684
0.0621
0.2058
0.7817
0.6215
1.1489
4.0027
6.9481
12.2363
8.5393
3.85
1.7755
8.6992
9.2799
8.8235
3.8804
2.7475
7.3641
4.7144
1.7674
0.9865
2.1337
4.2897
4.544
2.6722
5.3049
5.7996
9.4225
6.2484
2.6797
2.3279
8.1142
14.9467
10.1231
7.9002
5.5399
4.436
5.6681
4.6245
2.9127
1.8072
3.4482
4.5586
5.4764
4.0095
1.2853
0.5401
0.7831
0.941
2.216
8.0981
6.3134
4.0838
1.9417
0.6734
0.6607
3.0812
7.8527
7.2159
8.5883
6.5592
1.5674
0.6524
1.2204
5.4971
2.9372
2.2876
1.2756
0.841
0.2497
0.1775
0.2218
0.2935
0.2024
1.0329
0.6555
0.8173
0.9501
0.353
0.9719
2.2689
2.2447
0.7969
0.0462
0.0455
0.0467
0.18
1.038
1.1299
1.9181
6.8108
3.7738
1.6966
0.917
0.9203
1.7371
4.7481
2.5317
2.7375
2.2002
0.718
2.1892
1.2674
1.0677
1.0377
1.052
1.5366
0.7535
0.3212
0.214
0.4522
0.3564
0.3187
0.2379
0.199
0.267
0.3127
1.3166
0.7528
2.3439
1.8621
4.4042
7.0611
3.0678
4.5619
2.0639
1.1444
3.905
5.48
1.4654
2.3223
2.7333
0.9578
0.8518
1.5935
1.229
0.986
0.1651
0.1149
0.4342
0.1571
0.4033
0.5471
0.5104
0.4254
0.4054
0.8845
2.4936
1.7848
1.009
0.7275
0.4088
0.0722
0.1155
0.1898
0.6733
2.1168
3.1915
2.492
3.0439
2.1831
1.9517
0.8598
0.0283
0.0511
0.1394
0.191
0.4087
0.6617
0.7923
1.5962
1.5896
1.5355
0.558
0.1398
0.1223
0.0953
0.1851
0.5257
0.6717
0.8162
0.8773
1.4613
0.686
0.1245
0.0457
0.0135
0.0117
0.0279
0.0277
0.0648
0.1575
0.3407
0.2944
0.546
1.3708
1.2687
1.2501
1.1513
0.9882
1.0263
0.837
1.4204
3.4086
6.0066
2.4933
0.5352
0.3002
0.256
0.3059
0.514
0.242
0.1287
0.2343
0.4099
0.4803
0.2912
0.1051
0.1191