31.8737
25.2399
42.5626
62.701
52.819
44.2328
29.8493
53.3599
36.4994
19.4751
25.885
8.1934
75.3302
29.9421
17.2071
19.7862
51.8325
70.6981
80.9843
114.19
84.3801
55.468
52.7442
32.3751
22.0019
43.4157
105.4836
32.3958
18.0152
21.5012
42.2506
32.9596
55.2583
101.2279
97.1267
60.1186
62.8197
83.4205
32.2564
24.5441
24.1488
21.7601
26.7734
14.6337
58.7414
67.0799
27.5261
17.0674
15.1258
22.1869
49.8207
44.5694
84.01
133.3711
157.0988
129.4569
82.9237
78.4382
84.5313
72.1791
32.6992
39.5497
51.4772
20.5715
22.4093
57.1868
42.866
47.4767
40.4011
25.1052
23.1592
47.2255
32.882
32.9996
81.0301
48.2708
27.5977
23.179
34.462
31.0269
10.864
7.5411
33.8091
27.8002
51.4072
39.8634
30.6153
35.1816
53.9963
21.7362
17.016
76.4385
106.1813
100.9928
54.0314
43.6988
73.8626
23.0798
11.4868
15.8213
14.3372
17.0496
58.4844
36.3475
20.24
13.2326
20.6214
46.3527
97.3992
133.4772
131.4514
77.7381
69.4053
113.2749
58.5549
23.7757
17.905
26.361
48.0401
50.5949
36.4618
62.8952
57.2761
78.6102
89.85
55.2266
36.8752
25.387
59.6187
78.1558
76.0523
41.0411
19.7571
11.5055
27.0976
57.5164
37.224
38.3927
18.2174
55.3577
109.5367
154.4726
197.5646
120.3324
85.4447
44.2119
25.6871
19.9968
46.1847
101.2949
52.6085
23.6591
15.3023
16.2977
20.5036
23.3966
11.8882
20.4102
77.4415
49.892
41.5372
40.2716
77.7879
62.4129
53.8126
102.6162
40.8348
17.6323
14.0378
11.6393
73.859
163.5075
128.2951
22.024
7.6061
11.7304
44.1934
133.3031
164.7058
96.1173
26.6568
23.2204
12.9461
24.1719
59.0919
29.8807
29.6889
62.0469
76.2587
108.4636
75.5288
27.2948
10.2902
56.1243
78.7962
95.6532
49.6986
36.0469
109.4711
86.0007
39.4422
25.3053
52.7434
95.5312
93.5228
44.7101
73.4308
77.8939
107.9999
59.6065
20.7875
14.8283
46.8664
100.3449
88.1229
87.4577
68.0355
43.8889
48.3567
72.5255
62.6632
43.982
92.1066
137.0847
181.7386
151.9765
67.6352
25.9043
20.6715
16.2776
31.5149
116.881
136.1306
106.1917
40.5384
11.6818
8.5647
28.8484
61.6738
60.0765
96.3135
87.947
26.267
12.2298
21.3198
82.5732
61.9575
90.218
69.8288
34.6417
9.0048
25.7141
83.1251
42.3214
22.2675
99.247
29.7106
18.9694
20.1663
11.1094
24.0281
48.3136
102.6386
132.6375
66.8349
57.4292
37.0227
27.5306
62.3525
34.8194
40.7302
134.6014
96.1403
58.8618
26.3145
20.3789
37.1207
112.8658
66.1201
78.3946
68.4435
19.9183
54.6436
29.9411
31.2365
38.1648
53.6774
82.6805
34.4749
15.0256
15.8878
72.7473
102.9112
119.0426
63.5685
30.8144
30.6964
21.2375
60.249
27.0245
75.0927
46.6234
85.7713
147.9039
85.5404
114.6693
36.4284
16.1042
62.0256
99.7915
35.3086
61.7243
51.3676
12.3099
17.7918
61.1205
66.0529
86.9528
23.6747
14.0456
37.3695
11.6345
47.2428
145.5543
77.3959
21.3466
9.8614
16.6772
63.6985
90.2389
79.4512
100.1957
132.1197
35.596
22.888
22.0379
41.3526
88.3358
99.6172
76.3424
88.7313
66.2298
89.0043
79.6283
37.9171
21.438
15.0388
21.8305
49.0613
72.2929
58.1866
75.833
74.3327
87.9653
73.916
69.8099
62.5547
22.6906
29.0774
45.1102
36.7274
54.7163
52.8421
87.234
60.4078
24.5263
32.0211
32.6504
24.8953
18.2523
12.0441
19.0891
35.7025
61.4794
56.1465
35.4339
31.2142
35.0445
37.8694
37.8603
38.0066
51.4292
43.2463
43.4437
62.2493
90.965
80.837
57.8349
62.8227
58.4418
44.1379
55.7019
36.0177
38.8786
72.0936
107.4667
103.6892
98.7128
41.7449
51.3642