1.3826
1.3792
1.3813
1.3809
1.3775
1.3734
1.3681
1.3647
1.3663
1.3719
1.3718
1.3674
1.3753
1.3885
1.3798
1.3919
1.3925
1.3857
1.3713
1.3565
1.3534
1.358
1.3606
1.364
1.3419
1.371
1.3615
1.3414
1.3249
1.319
1.3244
1.3336
1.3427
1.3503
1.3547
1.356
1.3579
1.3634
1.3702
1.377
1.3779
1.3771
1.3759
1.3765
1.3787
1.3797
1.3797
1.3774
1.3747
1.3694
1.3674
1.3644
1.3647
1.3648
1.3644
1.366
1.3681
1.3712
1.3759
1.3784
1.3801
1.3797
1.3814
1.378
1.3749
1.3709
1.3696
1.3695
1.3693
1.3687
1.3662
1.3634
1.3623
1.3647
1.3741
1.3834
1.3921
1.3877
1.3801
1.3759
1.3766
1.3767
1.3752
1.3758
1.3765
1.3762
1.3755
1.3711
1.3633
1.3615
1.3669
1.3748
1.3732
1.3656
1.3591
1.3554
1.3555
1.3586
1.3618
1.3662
1.3718
1.3776
1.3839
1.3896
1.3937
1.3951
1.3971
1.3976
1.3957
1.3956
1.3951
1.3947
1.393
1.3875
1.3794
1.3712
1.366
1.3648
1.3686
1.3743
1.3805
1.3852
1.3888
1.3983
1.407
1.414
1.4196
1.4229
1.4212
1.4132
1.4036
1.395
1.3904
1.388
1.388
1.389
1.391
1.3932
1.3927
1.3886
1.3845
1.3786
1.3756
1.3694
1.3684
1.378
1.3913
1.4006
1.4059
1.4104
1.4132
1.4154
1.4179
1.4215
1.396
1.3626
1.3243
1.2858
1.3002
1.3156
1.3359
1.3594
1.3849
1.3989
1.4022
1.3977
1.3933
1.3864
1.3838
1.3841
1.3851
1.3833
1.3786
1.3757
1.3751
1.3706
1.3644
1.3575
1.351
1.3466
1.3436
1.3423
1.3439
1.3484
1.3542
1.3649
1.3811
1.3998
1.4208
1.4382
1.4457
1.4422
1.4281
1.4136
1.4002
1.3913
1.3852
1.3826
1.3814
1.3781
1.3752
1.3762
1.3805
1.3834
1.3879
1.3915
1.3918
1.3921
1.3951
1.3947
1.3896
1.3857
1.3847
1.3844
1.3886
1.3989
1.4036
1.3962
1.3845
1.3685
1.3612
1.3614
1.3638
1.3662
1.3708
1.3776
1.3845
1.3854
1.382
1.378
1.3731
1.3704
1.3692
1.3694
1.3677
1.3675
1.374
1.3807
1.3842
1.3859
1.3854
1.384
1.3842
1.3882
1.3947
1.4013
1.3991
1.3898
1.3782
1.3799
1.3816
1.3585
1.3481
1.3537
1.3568
1.3631
1.378
1.3853
1.3795
1.3571
1.3523
1.3599
1.358
1.3571
1.3522
1.352
1.354
1.3582
1.3646
1.3701
1.3749
1.3795
1.3848
1.3879
1.3919
1.3945
1.3925
1.3912
1.3924
1.3895
1.3808
1.3763
1.3769
1.3769
1.3762
1.3763
1.3733
1.3703
1.3658
1.3617
1.3568
1.3496
1.3442
1.3405
1.3405
1.3513
1.3657
1.3801
1.3919
1.396
1.3953
1.3875
1.3788
1.3706
1.3591
1.3535
1.3544
1.3605
1.3742
1.3971
1.4111
1.4114
1.4089
1.3979
1.3771
1.3591
1.3533
1.3556
1.3619
1.3712
1.3781
1.3825
1.3785
1.3686
1.3645
1.3676
1.3731
1.3739
1.3668
1.3609
1.361
1.3587
1.3546
1.3514
1.3527
1.3518
1.3546
1.3587
1.3662
1.3711
1.379
1.3878
1.3843
1.3727
1.3319
1.3328
1.3494
1.358
1.3612
1.3735
1.3871
1.3931
1.3902
1.3822
1.3678
1.3532
1.3464
1.3442
1.3441
1.3501
1.3592
1.3598
1.3601
1.3612
1.3625
1.3627
1.3615
1.3608
1.3645
1.37
1.368
1.3662
1.366
1.3664
1.3671
1.3857
1.4041
1.4058
1.4024
1.3948
1.3871
1.384
1.3812
1.3812
1.381
1.3836
1.3696
1.3504
1.3384
1.3318
1.3321
1.3369
1.341
1.3423
1.3416
1.3397
1.3403
1.3395
1.3422
1.3382