1.336
1.4006
1.3103
1.3135
1.4108
1.4558
1.5577
1.3553
1.4893
1.6625
1.5425
1.8701
1.1066
1.4153
1.51
1.4009
0.9343
0.7823
0.6978
0.6529
0.8051
0.9207
0.4494
0.7482
1.2081
0.851
0.6774
0.7848
1.2805
1.37
1.2319
1.3704
1.3236
1.2285
1.3032
1.4762
1.4685
1.3514
1.5253
1.5875
1.5661
1.5117
1.4288
1.6376
1.2912
1.3174
1.7321
1.9113
1.861
1.5651
1.144
0.8496
1.0599
1.081
0.9773
0.944
0.9193
0.9059
0.927
1.0553
1.4247
1.5261
1.4397
1.6709
1.6539
1.3646
1.4812
1.4938
1.5186
1.5287
1.4748
1.2188
1.3342
1.3655
1.1476
1.3723
1.6578
1.6459
1.4737
1.5627
1.8314
1.8702
1.4679
1.5778
1.3724
1.433
1.5687
1.3854
1.1861
1.539
1.7013
1.3542
1.2496
1.3057
1.5734
1.7627
1.657
1.826
1.884
1.6843
1.7223
1.7619
1.436
1.6332
1.8254
1.8737
1.6731
1.457
1.2911
1.2379
1.305
1.5457
1.6427
1.5563
1.8057
1.9635
1.9257
1.7913
1.6231
1.6152
1.7776
1.6473
1.712
1.7383
1.7966
1.9371
1.9958
2.0203
1.6578
1.5525
1.5811
1.793
2.0178
2.1331
1.7555
1.436
1.5247
1.5059
1.6239
1.4558
1.2365
1.0778
1.0297
1.2203
1.3788
1.6392
1.8655
1.9856
1.7482
1.541
1.8705
2.1832
2.4026
2.4647
2.0005
1.6133
1.2685
1.4185
0.9379
0.9393
1.2213
1.6317
1.6281
1.7368
1.7566
1.5307
1.667
1.6728
1.5048
1.3356
0.885
0.8598
1.0895
1.6117
2.0894
2.0021
1.546
1.1909
1.154
1.3006
1.4121
1.3179
1.4921
1.3959
1.2374
1.56
1.7012
1.6071
1.7159
1.7325
1.8746
2.1218
2.359
1.6207
1.4596
1.4211
1.8387
2.1471
1.7736
1.9431
2.3118
2.5281
2.284
1.9976
1.9688
2.1919
1.9606
1.9777
1.8263
2.0099
2.3642
2.4292
1.9109
1.5942
1.6022
1.5206
1.5822
1.715
1.5692
1.2943
1.2625
1.3546
1.1436
1.0331
0.9728
1.1465
1.5477
1.868
1.7915
1.7938
1.5523
1.1782
1.3141
1.5053
1.7315
2.0356
2.0662
1.5572
1.2495
1.3311
1.2786
1.3386
1.7254
1.9184
1.7192
1.3366
1.5919
1.5715
1.5305
1.6707
2.0371
1.3804
0.9652
1.3397
1.7944
1.4414
1.6495
1.6676
1.6577
1.7421
1.5687
1.3944
1.0815
0.9982
1.0428
1.0601
1.1357
1.3209
1.2245
1.5597
1.6497
1.4353
1.8545
2.2291
2.4883
2.4551
2.0749
1.5933
1.85
1.8607
1.9155
2.3449
1.9461
2.0622
1.8553
1.7003
1.5416
1.3417
1.4916
1.5999
1.5101
1.0476
0.9436
0.9361
1.1706
1.5413
1.6729
1.7164
1.3634
1.541
1.152
1.3371
1.3594
1.3908
1.6837
1.6013
1.9831
2.2657
1.8135
1.8376
2.3481
1.9593
1.8191
2.2991
1.9092
1.3506
1.2808
1.2119
1.6313
1.7894
1.4312
1.7293
1.2659
0.9494
1.2242
1.8042
2.1599
1.9406
1.352
1.2183
1.2647
1.1812
1.0566
1.3015
1.3297
1.3259
1.222
1.071
1.1121
1.2605
1.3081
1.531
1.5961
1.6094
1.1736
1.3452
1.5946
1.4336
1.1798
1.0741
1.1793
1.2055
1.2374
1.1518
1.09
0.9654
0.9648
1.2996
1.2634
1.1577
1.2465
1.0932
1.1099
1.0496
1.2525
1.5559
1.4356
1.266
1.2487
1.3709
1.3307
1.1898
1.0529
0.9317
0.9168
1.1806
1.4649
1.4934
1.5153
1.5105
1.4586
1.2661
1.2278
1.26
1.2653
1.2856
1.355
1.3739
1.2411
1.1005
1.0759
0.999
1.0358
0.9422
0.8113
0.75
0.8422
0.996
1.3529
1.0294