2.4062
2.3804
2.3373
2.2785
2.2406
2.2425
2.2571
2.2398
2.1933
2.1587
2.1627
2.195
2.1813
2.2091
2.2559
2.2593
2.3839
2.5948
3.4248
4.3091
3.094
3.1016
116.1313
8.6959
2.8871
5.0085
8.9198
22.8046
3.6706
2.7815
2.6323
2.4948
2.3827
2.3467
2.3651
2.4433
2.5531
2.6457
2.6341
2.5695
2.5354
2.5325
2.5173
2.4871
2.4385
2.4175
2.4189
2.5025
2.64
3.0615
3.9469
10.8887
3.1784
2.5302
2.5519
2.5995
2.66
2.6814
2.5614
2.3881
2.3007
2.2689
2.2619
2.3096
2.3212
2.3248
2.3259
2.3674
2.4294
2.49
2.5229
2.5173
2.5278
2.5378
2.4706
2.4408
2.4058
2.5081
2.5836
2.5619
2.505
2.4666
2.3998
2.3546
2.3987
2.4808
2.5639
2.7765
3.0947
2.9505
2.7434
2.6496
2.7025
2.6195
2.5048
2.4497
2.4173
2.4162
2.4309
2.4229
2.3894
2.3456
2.3186
2.3253
2.3527
2.3998
2.4265
2.4017
2.3989
2.3868
2.3848
2.3883
2.397
2.4265
2.4763
2.5219
2.5282
2.4993
2.4412
2.3863
2.3378
2.3023
2.2689
2.2084
2.1706
2.1514
2.1413
2.1377
2.1474
2.1709
2.1915
2.2071
2.2214
2.2524
2.3177
2.4158
2.4816
2.4795
2.4699
2.5135
2.633
2.8291
2.7792
2.6215
2.5027
2.4089
2.3294
2.2592
2.2197
2.211
2.2257
2.2235
2.1844
2.136
2.2025
2.4061
4.12
2.7985
3.7554
6.5023
4.0709
2.5838
2.3502
2.3456
2.3767
2.3894
2.4161
2.5393
2.8243
3.4131
3.8499
3.2616
2.6891
2.3845
2.2533
2.2289
2.2584
2.3452
2.4943
2.7051
2.9808
3.1708
2.9532
2.7235
2.551
2.3952
2.262
2.1703
2.1089
2.0732
2.0744
2.085
2.0949
2.11
2.135
2.147
2.1264
2.0997
2.0964
2.0979
2.1013
2.1035
2.095
2.0956
2.0963
2.0952
2.0888
2.0817
2.0752
2.0739
2.0742
2.0735
2.0725
2.0805
2.1032
2.135
2.1496
2.1397
2.1506
2.2434
2.3128
2.3382
2.3427
2.3547
2.3566
2.3192
2.303
2.2882
2.2736
2.2538
2.24
2.2191
2.204
2.1935
2.2024
2.2183
2.2124
2.2059
2.2006
2.1862
2.1837
2.1933
2.2237
2.253
2.2501
2.2114
2.2011
2.2309
2.3105
2.3077
2.3147
2.7773
3.3162
2.6882
2.4449
2.378
2.3471
2.3122
2.2981
2.3897
2.3297
2.2918
2.4496
2.7701
4.0386
3.9915
3.7479
2.8384
2.5027
2.3142
2.2256
2.1654
2.1255
2.1152
2.1126
2.1171
2.1385
2.1594
2.1542
2.1465
2.1516
2.1491
2.1461
2.1626
2.2241
2.2733
2.3306
2.3676
2.4004
2.478
2.6159
2.8883
3.1408
3.2042
2.9384
2.607
2.4668
2.4194
2.3801
2.3765
2.3997
2.3419
2.2276
2.1729
2.1748
2.1609
2.1433
2.1331
2.1304
2.1046
2.1065
2.1396
2.1547
2.1386
2.2303
2.358
2.4359
2.5217
2.5787
2.5405
2.5303
2.5231
2.6782
2.9599
2.6586
2.3389
2.2307
2.2186
2.2964
2.4083
2.4813
2.612
2.9103
3.1766
2.9649
2.8175
2.5956
2.4678
2.3706
2.3354
2.2884
2.2483
2.2396
2.3287
3.9515
3.2409
2.6409
2.7066
2.7608
2.7393
2.5939
2.4348
2.417
2.4758
2.7708
3.5593
3.6388
3.0741
2.8989
2.7151
2.5764
2.6634
2.6298
2.5614
2.5672
2.6983
3.1356
4.1581
4.3231
3.4581
3.5497
3.4378
3.2985
3.1825
3.2802
2.6825
2.3279
2.3262
2.3191
2.3317
2.3762
2.4771
2.5439
2.4231
2.2909
2.2176
2.2952
2.5292
2.781
3.013
2.9846
2.9107
3.1407
3.67
3.6678
3.4936
3.1991
3.133
2.965
3.4898