1.748
1.7582
1.7766
1.8046
1.8247
1.8237
1.8157
1.8252
1.8526
1.8754
1.8726
1.8516
1.8603
1.843
1.8164
1.8146
1.7568
1.6869
1.5545
1.497
1.5915
1.5905
1.37
1.4185
1.6232
1.4716
1.4169
1.3843
1.534
1.6431
1.677
1.7166
1.7573
1.7724
1.7645
1.7342
1.6987
1.6736
1.6766
1.6939
1.7039
1.7048
1.7095
1.7192
1.7359
1.7437
1.7432
1.7141
1.6751
1.596
1.5157
1.4065
1.5808
1.7055
1.699
1.6856
1.6701
1.665
1.6963
1.7551
1.7936
1.8095
1.8132
1.7893
1.7839
1.7822
1.7817
1.7636
1.7393
1.7182
1.7077
1.7095
1.7062
1.7032
1.7247
1.7351
1.7482
1.7124
1.69
1.6961
1.7134
1.7261
1.7505
1.769
1.7509
1.7213
1.6956
1.6441
1.5915
1.6126
1.651
1.6727
1.6601
1.6803
1.7134
1.7319
1.7438
1.7442
1.7387
1.7417
1.7546
1.7729
1.7851
1.782
1.7698
1.7505
1.7403
1.7498
1.7508
1.7556
1.7564
1.755
1.7516
1.7403
1.7228
1.708
1.7061
1.7152
1.735
1.7558
1.7764
1.7928
1.8095
1.8434
1.8673
1.8804
1.8876
1.8902
1.8832
1.8671
1.8538
1.8442
1.8357
1.8183
1.7855
1.7443
1.721
1.7217
1.7249
1.7107
1.6768
1.6338
1.6435
1.6798
1.7141
1.747
1.7801
1.8146
1.8367
1.8418
1.8332
1.8345
1.8583
1.8914
1.847
1.748
1.5062
1.6397
1.5279
1.4408
1.5087
1.6899
1.7709
1.7729
1.7597
1.7546
1.7442
1.7028
1.6347
1.5556
1.5217
1.5711
1.6631
1.7566
1.8178
1.8313
1.8151
1.7731
1.7168
1.6595
1.6078
1.5817
1.6122
1.6553
1.6993
1.7523
1.8131
1.8675
1.912
1.9417
1.9407
1.9316
1.9232
1.9111
1.8922
1.8835
1.8986
1.9194
1.9221
1.9208
1.918
1.9163
1.9232
1.9227
1.9221
1.9231
1.9283
1.9343
1.9399
1.9411
1.9409
1.9414
1.9423
1.9354
1.9166
1.8922
1.8817
1.8888
1.881
1.8232
1.7878
1.7762
1.7742
1.769
1.7681
1.7848
1.7925
1.7997
1.8071
1.8175
1.8251
1.8371
1.8461
1.8526
1.847
1.8375
1.841
1.8449
1.8481
1.8571
1.8588
1.8526
1.8343
1.8179
1.8195
1.8416
1.8478
1.8302
1.7889
1.7902
1.7869
1.6439
1.5652
1.6634
1.7336
1.7592
1.7722
1.7881
1.7948
1.7545
1.78
1.7979
1.732
1.6454
1.5105
1.5131
1.5284
1.632
1.7141
1.7871
1.8332
1.8708
1.8992
1.907
1.9091
1.9056
1.8896
1.8748
1.8785
1.8839
1.8803
1.882
1.8842
1.8727
1.8341
1.8072
1.7796
1.7635
1.7503
1.7222
1.6813
1.623
1.5854
1.5777
1.6146
1.6836
1.726
1.743
1.7584
1.7598
1.7505
1.7745
1.8321
1.8658
1.8646
1.8739
1.8861
1.8936
1.8956
1.9154
1.9139
1.8888
1.8781
1.8895
1.8305
1.7676
1.7369
1.7081
1.6913
1.7024
1.7055
1.7077
1.6657
1.6111
1.6704
1.7758
1.8303
1.8373
1.7956
1.7472
1.7211
1.6823
1.6192
1.581
1.6103
1.636
1.6867
1.7257
1.7623
1.7774
1.7996
1.8205
1.8253
1.7804
1.5154
1.5734
1.6748
1.6591
1.6473
1.6519
1.6872
1.7373
1.7439
1.7229
1.6453
1.5427
1.5364
1.5943
1.6212
1.6572
1.692
1.6693
1.6777
1.6962
1.6946
1.661
1.5861
1.5042
1.4964
1.5514
1.5435
1.5533
1.5671
1.5803
1.5691
1.6647
1.7808
1.7816
1.7848
1.7791
1.7599
1.7225
1.7014
1.7416
1.7984
1.8379
1.7962
1.7058
1.6432
1.603
1.6072
1.6192
1.5855
1.534
1.5342
1.5483
1.5783
1.5864
1.6103
1.5486