0.5626
0.5642
0.5628
0.5633
0.5646
0.564
0.5644
0.5663
0.5677
0.5668
0.5653
0.5636
0.5617
0.5608
0.5704
0.5695
0.5657
0.5645
0.5638
0.5665
0.5694
0.5667
0.559
0.5592
0.5581
0.5573
0.5602
0.568
0.5791
0.5858
0.5846
0.5824
0.5808
0.5781
0.5754
0.5731
0.5704
0.5661
0.5626
0.56
0.5609
0.562
0.5635
0.5638
0.5633
0.5631
0.5629
0.5618
0.5603
0.5584
0.5547
0.5516
0.555
0.5601
0.5596
0.5586
0.5585
0.5596
0.562
0.567
0.5699
0.5715
0.5705
0.57
0.5703
0.5718
0.5718
0.5697
0.5675
0.566
0.5662
0.567
0.5666
0.5648
0.5619
0.5594
0.5582
0.5588
0.5614
0.5638
0.5642
0.565
0.5678
0.5686
0.5666
0.5645
0.5621
0.5597
0.5595
0.5584
0.5552
0.5507
0.5495
0.5539
0.5585
0.5609
0.5609
0.5589
0.5576
0.5573
0.5577
0.5586
0.5586
0.5574
0.556
0.5554
0.5546
0.5557
0.5565
0.5553
0.5533
0.5505
0.5484
0.5483
0.5497
0.5516
0.5528
0.5521
0.5491
0.546
0.5434
0.5419
0.5423
0.5429
0.5448
0.5469
0.5486
0.5498
0.5504
0.5521
0.5551
0.5582
0.5596
0.5592
0.5574
0.5554
0.5546
0.5554
0.5577
0.5608
0.5617
0.5614
0.5601
0.5615
0.5605
0.5553
0.5498
0.5485
0.5487
0.5474
0.5449
0.5437
0.5446
0.5458
0.5471
0.5486
0.5503
0.5528
0.5549
0.5555
0.5568
0.5591
0.5572
0.5548
0.5538
0.5564
0.5567
0.556
0.5521
0.548
0.5458
0.548
0.5543
0.5618
0.5669
0.5689
0.5687
0.5674
0.5656
0.563
0.5604
0.558
0.5567
0.5552
0.5535
0.5505
0.5474
0.5452
0.5435
0.5433
0.5441
0.5457
0.5507
0.5561
0.5601
0.5631
0.5684
0.5734
0.5751
0.576
0.5772
0.5759
0.5748
0.5756
0.5757
0.5726
0.5701
0.5695
0.5691
0.5696
0.5712
0.573
0.5736
0.5729
0.5715
0.5711
0.5714
0.571
0.5689
0.5674
0.5659
0.5638
0.5616
0.559
0.5556
0.5534
0.5507
0.5509
0.5527
0.555
0.5575
0.5593
0.5604
0.5606
0.5606
0.5598
0.5578
0.5564
0.5566
0.5579
0.5591
0.5594
0.5577
0.5552
0.5529
0.552
0.5542
0.5567
0.5582
0.5588
0.5587
0.5593
0.5601
0.5608
0.5634
0.5625
0.5566
0.5547
0.5576
0.5621
0.5638
0.5622
0.5576
0.5529
0.5509
0.5513
0.5511
0.5531
0.5542
0.557
0.5593
0.5617
0.5633
0.5638
0.563
0.5626
0.5626
0.5622
0.5631
0.5655
0.5687
0.5716
0.572
0.5708
0.5665
0.5638
0.5629
0.5633
0.5642
0.5636
0.5627
0.5628
0.5638
0.5653
0.5672
0.5664
0.5641
0.5607
0.5582
0.557
0.5539
0.555
0.5593
0.562
0.5642
0.5669
0.5688
0.5684
0.5642
0.5609
0.5617
0.5653
0.5675
0.5664
0.5644
0.5651
0.5654
0.563
0.5602
0.557
0.5545
0.5524
0.5515
0.5533
0.5584
0.5628
0.5631
0.5607
0.5577
0.5538
0.5485
0.5461
0.5452
0.546
0.5465
0.5489
0.5532
0.559
0.5636
0.5671
0.5674
0.5651
0.5627
0.5526
0.5572
0.5672
0.5668
0.5656
0.5685
0.5662
0.5636
0.5646
0.5658
0.566
0.5654
0.5648
0.5656
0.5655
0.5622
0.5577
0.5545
0.5542
0.5557
0.5573
0.5573
0.5553
0.5525
0.5497
0.5465
0.5442
0.5456
0.5478
0.5496
0.551
0.5512
0.5435
0.5397
0.5395
0.5421
0.5465
0.5497
0.5486
0.5486
0.5505
0.5545
0.556
0.5569
0.5586
0.5613
0.5629
0.5625
0.5603
0.5572
0.5568
0.5603
0.5646
0.5677
0.5692
0.5682
0.5656