0.3216
0.2639
0.3653
0.3766
0.2897
0.2526
0.1824
0.3424
0.2442
0.1603
0.221
0.0823
0.736
0.2961
0.2111
0.2928
1.2477
2.2463
3.851
5.4892
2.2748
1.3962
121.6602
4.4205
0.4344
2.1481
6.7985
4.5217
0.2779
0.2369
0.4217
0.2712
0.34
0.4739
0.3676
0.1948
0.1846
0.2692
0.1421
0.1187
0.1319
0.1605
0.2177
0.1072
0.3677
0.3401
0.0839
0.0404
0.0408
0.0958
0.5076
2.5304
0.7749
0.7475
1.0861
1.2305
1.3568
1.4309
1.3057
0.8304
0.2613
0.1977
0.2595
0.1192
0.1237
0.3096
0.2131
0.1963
0.1706
0.1563
0.1842
0.4585
0.3028
0.2694
0.5968
0.2783
0.1094
0.102
0.1775
0.1307
0.0533
0.0491
0.2077
0.1513
0.286
0.2198
0.1277
0.2236
0.4586
0.1124
0.0675
0.2659
0.3866
0.3223
0.132
0.0726
0.1082
0.0614
0.0494
0.098
0.0901
0.0844
0.2479
0.1314
0.068
0.0537
0.1014
0.2151
0.3754
0.451
0.3613
0.1621
0.1163
0.1506
0.0605
0.0327
0.037
0.0618
0.1182
0.129
0.0813
0.1297
0.112
0.1163
0.1077
0.0775
0.0685
0.065
0.1665
0.2119
0.1886
0.0996
0.05
0.0325
0.0901
0.2282
0.1597
0.1707
0.1144
0.1984
0.4145
0.735
0.8905
0.4416
0.262
0.116
0.0622
0.0498
0.1104
0.205
0.0761
0.0306
0.0189
0.0202
0.0555
0.1269
0.2766
0.1947
1.333
1.3969
0.3484
0.1
0.1292
0.0915
0.0819
0.1701
0.1048
0.0899
0.1373
0.2275
1.7125
1.8361
0.7116
0.1308
0.037
0.0513
0.1886
0.5359
0.5803
0.3182
0.1857
0.2595
0.1357
0.2198
0.4241
0.1535
0.1171
0.1822
0.1577
0.1693
0.12
0.063
0.0333
0.2005
0.2902
0.3158
0.109
0.0551
0.1417
0.0924
0.0362
0.0208
0.0401
0.0814
0.0872
0.0504
0.0918
0.0907
0.1343
0.0871
0.0374
0.0322
0.1109
0.2311
0.2138
0.2466
0.2033
0.1455
0.2101
0.4099
0.4322
0.3165
0.6255
0.8964
1.0944
0.624
0.1772
0.0669
0.0871
0.0899
0.1899
0.5885
0.3994
0.2333
0.1201
0.0479
0.0446
0.1971
0.483
0.3868
0.4501
0.3759
0.117
0.0619
0.1133
0.3715
0.1798
0.1819
0.1853
0.1196
0.0372
0.2279
1.1638
0.2762
0.0656
0.2311
0.1211
0.12
0.1264
0.0844
0.1605
0.2897
0.7538
1.0069
0.8159
0.7524
0.5348
0.2812
0.4515
0.1683
0.1457
0.296
0.1049
0.0415
0.0217
0.023
0.0561
0.1934
0.0972
0.0967
0.0821
0.026
0.0769
0.0531
0.0799
0.1152
0.1748
0.3234
0.1918
0.1233
0.1521
0.8261
1.2701
1.3149
0.5006
0.1365
0.0969
0.0884
0.2985
0.1666
0.5987
0.334
0.342
0.3317
0.1459
0.1886
0.0703
0.0347
0.115
0.1174
0.0321
0.0759
0.1056
0.0309
0.0672
0.3162
0.3816
0.469
0.1006
0.0592
0.2141
0.0748
0.3662
1.2298
0.4307
0.0745
0.0321
0.0631
0.3295
0.4774
0.3953
0.5116
0.7959
0.2778
0.261
0.2777
0.4423
0.7802
0.6889
0.4296
0.3802
0.2001
0.1667
0.1411
0.4413
0.2271
0.1094
0.192
0.4979
0.7511
0.5173
0.4938
0.446
0.5873
0.7044
1.1689
1.1742
0.2868
0.3473
0.5468
0.4069
0.7037
0.6638
0.8349
0.3994
0.1214
0.1596
0.2787
0.2977
0.1928
0.2262
0.4312
0.7945
1.3385
1.4352
0.5045
0.2241
0.2049
0.1926
0.1929
0.2186
0.394
0.4401
0.412
0.4339
0.4291
0.3267
0.2627
0.3909
0.6605
0.7324
1.0039
0.8594
1.3029
2.3766
3.0783
1.9682
1.0169
0.2375
0.8769