2.6834
2.6766
2.6723
2.6621
2.6497
2.6431
2.6385
2.6311
2.6223
2.618
2.6179
2.6204
2.6263
2.6549
2.6633
2.6795
2.7006
2.7067
2.7066
2.693
2.6778
2.6825
2.7055
2.7061
2.7076
2.7098
2.7033
2.6821
2.6499
2.6294
2.6299
2.6333
2.6349
2.6397
2.6466
2.6554
2.6649
2.6751
2.6818
2.6859
2.6859
2.6857
2.6841
2.6828
2.6814
2.6805
2.6804
2.6835
2.6868
2.6914
2.6961
2.7002
2.6829
2.6638
2.6643
2.6689
2.6755
2.6827
2.6858
2.6793
2.6721
2.667
2.6672
2.6704
2.6675
2.6631
2.6613
2.6649
2.6697
2.6729
2.6717
2.6676
2.6662
2.669
2.6756
2.685
2.6938
2.6973
2.6934
2.6877
2.685
2.6827
2.6762
2.6723
2.6769
2.6827
2.6854
2.6869
2.6836
2.6761
2.6742
2.6774
2.6763
2.6647
2.6515
2.6432
2.64
2.6428
2.648
2.6537
2.6589
2.6632
2.6691
2.678
2.6872
2.6949
2.7002
2.6995
2.6971
2.694
2.6907
2.6873
2.6833
2.6778
2.6714
2.6646
2.6582
2.6534
2.6509
2.6503
2.6505
2.6504
2.6499
2.6503
2.6535
2.6594
2.6659
2.671
2.6734
2.6722
2.6674
2.6619
2.66
2.6635
2.6742
2.6868
2.6957
2.7
2.701
2.7015
2.7039
2.7028
2.6946
2.6786
2.6678
2.6685
2.6728
2.673
2.672
2.6751
2.6808
2.6823
2.6753
2.6629
2.6497
2.6377
2.6279
2.6232
2.6275
2.6402
2.6504
2.6581
2.674
2.6932
2.7018
2.6991
2.6954
2.6945
2.7008
2.71
2.7138
2.7063
2.6893
2.6688
2.6513
2.6404
2.6373
2.6405
2.6449
2.6487
2.6511
2.6511
2.6475
2.6449
2.6426
2.6418
2.6421
2.6427
2.6446
2.6467
2.6513
2.6565
2.6547
2.6489
2.6452
2.6398
2.6262
2.6121
2.6062
2.6062
2.6053
2.607
2.6067
2.6036
2.6019
2.6082
2.6105
2.607
2.6019
2.5996
2.5974
2.5936
2.5916
2.5998
2.6175
2.6314
2.6351
2.6351
2.6368
2.6391
2.6398
2.642
2.6443
2.6471
2.651
2.6537
2.6589
2.6577
2.6516
2.6436
2.6354
2.6277
2.6228
2.62
2.6201
2.6235
2.6299
2.637
2.6411
2.6406
2.6401
2.6415
2.6488
2.6595
2.6666
2.6661
2.6621
2.6584
2.6582
2.6611
2.6649
2.6666
2.6645
2.6568
2.6474
2.6488
2.662
2.666
2.6575
2.6407
2.6267
2.6305
2.6441
2.6578
2.6693
2.6691
2.6699
2.6623
2.6555
2.645
2.6364
2.6272
2.6197
2.6195
2.6237
2.6297
2.6374
2.644
2.6447
2.6394
2.631
2.6259
2.626
2.6315
2.6455
2.6542
2.6588
2.6597
2.6575
2.6583
2.6596
2.6601
2.6588
2.6557
2.6515
2.6541
2.6641
2.6788
2.6905
2.6953
2.6935
2.6745
2.6431
2.6165
2.6017
2.5907
2.5866
2.5909
2.6066
2.6248
2.6376
2.6445
2.6459
2.6468
2.6464
2.6425
2.643
2.6517
2.6629
2.6716
2.6789
2.6832
2.6855
2.6824
2.6697
2.6509
2.6388
2.6345
2.6375
2.6404
2.6426
2.646
2.6514
2.6538
2.6515
2.6478
2.6458
2.6481
2.6539
2.6603
2.6654
2.6687
2.6584
2.6469
2.6439
2.6463
2.6534
2.669
2.6794
2.6961
2.7079
2.7062
2.7007
2.6936
2.6872
2.6802
2.6711
2.6591
2.6513
2.6494
2.6528
2.6585
2.6587
2.6576
2.6601
2.6657
2.6746
2.6821
2.6855
2.6844
2.6838
2.682
2.6815
2.6816
2.6846
2.6884
2.6813
2.6835
2.68
2.6751
2.6727
2.6775
2.6785
2.67
2.6553
2.6444
2.6408
2.6401
2.6377
2.6363
2.6357
2.6389
2.6479
2.6568
2.6589
2.6582
2.6575
2.6564
2.6558
2.6567