23.8358
27.6061
18.2724
15.4692
18.1753
20.9304
30.0952
15.3647
18.7306
25.3389
18.676
55.6397
6.072
16.2423
25.9403
18.9063
5.9891
4.7474
5.9466
6.5447
7.8656
12.8058
13.7303
22.4563
33.7064
21.221
15.1264
67.1178
93.4085
55.2524
25.9719
32.9746
21.5559
14.4057
19.2546
42.0198
52.9582
41.3373
76.9933
84.2421
72.0831
59.0276
42.5361
82.1683
22.1412
23.0277
93.2006
223.3182
269.9663
178.7986
59.0888
51.669
24.3993
12.7378
9.0984
8.6064
8.4638
8.2494
7.6969
9.0021
23.4636
28.6418
21.4587
52.3549
51.8201
20.9523
30.4475
36.098
46.7859
56.6524
50.6775
20.2704
31.1267
35.4989
14.4717
29.3262
69.7564
89.3673
57.5431
75.7027
169.9988
173.3301
36.394
45.5846
26.408
39.7195
77.7031
58.1897
38.4892
138.0569
185.2484
42.0587
30.9494
33.3681
68.7043
113.7477
72.073
126.7052
161.7849
80.3615
81.9885
80.0395
25.7683
49.2433
100.8733
140.4698
78.2137
35.2689
20.1627
16.4159
20.3811
45.5758
64.5471
52.7095
142.8815
284.5733
253.6052
145.2737
68.9076
56.9893
81.7492
47.2949
50.4562
41.0485
39.2481
50.9162
55.4605
57.6147
23.4206
20.0399
24.0737
47.7314
99.047
166.0806
70.5024
34.1539
54.7119
50.9996
74.818
46.3864
26.4467
18.836
14.7606
24.4565
34.557
66.1702
104.7548
110.5014
44.7416
23.5374
65.944
162.6503
233.0953
183.7204
84.3524
60.1723
117.3729
68.4336
20.5063
48.0355
91.1834
102.1002
52.8525
73.8198
87.9487
43.5072
74.2465
106.4015
99.7459
97.7011
16.7917
11.033
16.606
56.0082
146.4336
98.7437
29.2023
12.716
15.4707
37.6897
85.9868
72.1724
114.672
55.7272
23.0511
48.7722
47.3967
23.2254
21.1844
16.6796
23.6182
47.3031
93.6107
16.768
12.8773
12.3917
32.914
57.9913
22.2792
34.3425
88.8779
156.2539
77.8334
38.5305
36.1231
62.0742
33.1243
32.3702
21.2209
32.4224
75.4021
87.3355
25.3064
12.716
15.273
15.1257
19.3652
26.0114
18.8011
12.9846
14.6472
21.1098
10.854
7.8095
6.448
10.3365
34.7235
88.5898
65.6094
60.3822
27.6011
8.4877
11.8945
19.608
39.0364
102.4993
108.1265
24.0946
9.759
11.6123
9.917
12.2179
42.7005
87.4624
47.4639
13.0686
26.0137
28.0996
33.793
51.9326
169.3455
57.1523
18.0043
42.5196
124.917
31.3632
56.0382
52.3339
48.0573
87.6718
40.7305
20.7309
11.0839
12.9388
38.4395
40.7625
50.7009
49.4884
20.1143
37.5237
34.5224
14.1117
34.0778
82.3157
155.5953
149.4791
66.991
21.0807
41.0127
40.0937
48.0894
149.9577
50.2676
77.2953
62.5519
49.5863
37.4759
21.9791
39.4433
70.3845
70.1878
17.813
14.5106
14.7193
30.7504
77.2813
87.8751
88.557
24.4085
43.2983
12.7126
20.1702
14.8654
12.9369
29.4127
21.722
54.4081
105.9826
31.7021
27.8709
102.5105
49.707
37.8491
121.4002
75.714
22.0372
21.2399
19.9543
100.7592
161.704
44.1387
124.7104
31.7096
12.8523
26.3173
89.4086
158.7015
77.8892
18.4487
16.1671
22.1698
20.8607
18.8813
67.7131
60.3221
49.0278
23.5717
11.0502
10.4551
15.4954
15.7015
26.7989
31.3926
46.2252
68.0998
86.9179
100.8732
62.498
25.7566
16.7054
20.1243
16.4138
17.5776
14.8314
18.4501
20.9373
21.8246
60.4164
42.6219
22.2533
24.9268
16.2596
16.4962
11.9599
25.0594
97.7727
114.0688
118.4709
118.947
118.6627
107.0289
52.4485
25.9879
14.2276
14.2637
23.1752
29.0989
31.6794
33.1738
34.072
33.0166
22.0923
21.9857
19.2353
13.8573
11.5396
18.5555
35.9314
33.5208
24.9744
21.9761
15.0044
21.3774
20.0281
11.0286
7.7276
9.8421
17.9788
66.2803
26.7161