0.8693
0.8508
0.8891
0.911
0.9019
0.8915
0.8644
0.9025
0.879
0.8271
0.8529
0.7173
0.9198
0.8646
0.8145
0.8287
0.9009
0.9169
0.9231
0.9367
0.9248
0.9046
0.9018
0.8705
0.8387
0.8904
0.9338
0.8705
0.8193
0.8366
0.8887
0.8718
0.9044
0.9322
0.9306
0.9089
0.9111
0.9244
0.8702
0.8484
0.847
0.8377
0.8557
0.7966
0.9077
0.9144
0.858
0.8137
0.8004
0.8395
0.8986
0.892
0.9247
0.9421
0.9472
0.9411
0.9241
0.9217
0.9249
0.9179
0.8712
0.8844
0.9005
0.8324
0.8404
0.9063
0.8896
0.8958
0.8858
0.8503
0.8433
0.8955
0.8716
0.8719
0.9231
0.8968
0.8582
0.8434
0.875
0.8673
0.7591
0.7036
0.8736
0.8588
0.9004
0.8849
0.8663
0.8765
0.9031
0.8376
0.8133
0.9205
0.934
0.9321
0.9032
0.8908
0.9189
0.843
0.7666
0.8055
0.7943
0.8135
0.9074
0.8787
0.8309
0.7847
0.8326
0.8944
0.9307
0.9421
0.9416
0.9213
0.916
0.9364
0.9075
0.8456
0.8187
0.8544
0.8965
0.8995
0.8789
0.9112
0.9063
0.9218
0.9275
0.9044
0.8797
0.8513
0.9084
0.9215
0.9203
0.8868
0.8285
0.7669
0.8567
0.9066
0.8804
0.8824
0.8204
0.9045
0.9352
0.9467
0.9537
0.9386
0.9254
0.8915
0.8523
0.8297
0.8942
0.9323
0.9017
0.8452
0.8017
0.8087
0.8321
0.8442
0.7712
0.8317
0.9211
0.8987
0.8876
0.8856
0.9213
0.9108
0.903
0.9328
0.8865
0.8171
0.7918
0.7684
0.9189
0.9484
0.9408
0.8388
0.705
0.7694
0.8915
0.942
0.9486
0.9302
0.8554
0.8436
0.782
0.8471
0.908
0.8644
0.8639
0.9105
0.9204
0.9348
0.92
0.8573
0.7516
0.9053
0.9219
0.93
0.8985
0.8781
0.9352
0.9257
0.8842
0.851
0.9018
0.93
0.9291
0.8922
0.9187
0.9214
0.9347
0.9084
0.8334
0.7982
0.895
0.9319
0.9267
0.9264
0.9151
0.891
0.8969
0.9181
0.911
0.8912
0.9285
0.943
0.9514
0.9462
0.9148
0.853
0.8329
0.8086
0.8685
0.9375
0.9427
0.934
0.886
0.7689
0.7243
0.8617
0.9102
0.9088
0.9303
0.9266
0.8541
0.7748
0.8358
0.9239
0.9104
0.9276
0.9163
0.8754
0.732
0.8524
0.9242
0.8888
0.8398
0.9315
0.864
0.8245
0.8305
0.7622
0.8466
0.8968
0.9328
0.9419
0.9142
0.9065
0.88
0.858
0.9108
0.8757
0.8863
0.9424
0.9302
0.9078
0.8543
0.8315
0.8802
0.9363
0.9137
0.9216
0.9154
0.8293
0.9038
0.8646
0.8678
0.882
0.9028
0.924
0.875
0.7997
0.8059
0.9182
0.9329
0.9382
0.9117
0.8668
0.8665
0.8354
0.909
0.8565
0.9197
0.8947
0.9255
0.9454
0.9254
0.9369
0.8789
0.8074
0.9105
0.9317
0.8767
0.9102
0.9004
0.7756
0.818
0.9097
0.9136
0.9261
0.8453
0.7918
0.8806
0.7683
0.8955
0.9449
0.9211
0.8359
0.7455
0.8112
0.9118
0.9277
0.9222
0.9318
0.9417
0.8773
0.8423
0.8388
0.8873
0.9268
0.9316
0.9204
0.927
0.9138
0.9271
0.9223
0.8816
0.8363
0.7998
0.838
0.8977
0.9179
0.9072
0.9201
0.9192
0.9266
0.919
0.9163
0.9109
0.8415
0.8623
0.8927
0.8794
0.9039
0.902
0.9263
0.9091
0.8483
0.8697
0.8711
0.8496
0.8206
0.7728
0.8251
0.8775
0.91
0.9053
0.877
0.8678
0.8762
0.8815
0.8815
0.8818
0.9004
0.8901
0.8904
0.9107
0.928
0.923
0.9069
0.9111
0.9074
0.8914
0.9048
0.8781
0.8833
0.9178
0.9345
0.9331
0.9313
0.8879
0.9004