0.1307
0.1492
0.1109
0.089
0.0981
0.1085
0.1356
0.0975
0.121
0.1729
0.1471
0.2827
0.0802
0.1354
0.1855
0.1713
0.0991
0.0831
0.0769
0.0633
0.0752
0.0954
0.0982
0.1295
0.1613
0.1096
0.0662
0.1295
0.1807
0.1634
0.1113
0.1282
0.0956
0.0678
0.0694
0.0911
0.0889
0.0756
0.1298
0.1516
0.153
0.1623
0.1443
0.2034
0.0923
0.0856
0.142
0.1863
0.1996
0.1605
0.1014
0.108
0.0753
0.0579
0.0528
0.0589
0.0759
0.0783
0.0751
0.0821
0.1288
0.1156
0.0995
0.1676
0.1596
0.0937
0.1104
0.1042
0.1142
0.1497
0.1567
0.1045
0.1284
0.1281
0.0769
0.1032
0.1418
0.1566
0.125
0.1327
0.2409
0.2964
0.1264
0.1412
0.0996
0.1151
0.1337
0.1235
0.0969
0.1624
0.1867
0.0795
0.066
0.0679
0.0968
0.1092
0.0811
0.157
0.2334
0.1945
0.2057
0.1865
0.0926
0.1213
0.1691
0.2153
0.1674
0.1056
0.0693
0.0579
0.0584
0.0787
0.084
0.0636
0.0925
0.1544
0.1813
0.1456
0.1035
0.1005
0.1211
0.0888
0.0937
0.0782
0.0725
0.0956
0.1203
0.1487
0.0916
0.0785
0.0797
0.1132
0.1715
0.2331
0.1433
0.0934
0.1196
0.1176
0.1796
0.0955
0.0648
0.0533
0.0463
0.0614
0.0746
0.1085
0.1477
0.1703
0.1058
0.0677
0.0983
0.1548
0.1983
0.1913
0.1679
0.1558
0.2288
0.1683
0.0789
0.1013
0.1124
0.1144
0.0787
0.0892
0.097
0.0672
0.1135
0.1829
0.2082
0.2316
0.0811
0.0516
0.0592
0.1612
0.295
0.2306
0.1085
0.058
0.0514
0.0698
0.1446
0.1564
0.218
0.1529
0.092
0.1356
0.1361
0.0895
0.0796
0.0652
0.08
0.1427
0.2484
0.0947
0.0781
0.07
0.1015
0.1219
0.0648
0.0743
0.1158
0.149
0.0982
0.07
0.0709
0.1078
0.0813
0.0786
0.0653
0.0916
0.1666
0.2018
0.105
0.0681
0.0733
0.0736
0.0849
0.109
0.1031
0.0819
0.089
0.1088
0.0715
0.057
0.0486
0.0538
0.0852
0.147
0.1671
0.1914
0.1315
0.0625
0.0573
0.066
0.114
0.2311
0.2757
0.1383
0.0898
0.0912
0.0697
0.0734
0.1459
0.2252
0.1642
0.0761
0.0896
0.0724
0.0837
0.1246
0.268
0.1476
0.0758
0.1112
0.1602
0.0685
0.136
0.1755
0.1695
0.2378
0.1534
0.1032
0.0672
0.0581
0.0858
0.0935
0.12
0.142
0.0892
0.1243
0.1137
0.0576
0.0698
0.0922
0.1457
0.1685
0.1198
0.0637
0.0863
0.0784
0.0846
0.1707
0.0962
0.1354
0.1322
0.118
0.0972
0.076
0.125
0.2003
0.1941
0.0818
0.0671
0.0618
0.0883
0.1332
0.1335
0.1646
0.091
0.1435
0.0803
0.1053
0.0745
0.0546
0.0746
0.0631
0.1211
0.1926
0.0895
0.0683
0.1233
0.0898
0.0996
0.2244
0.182
0.0903
0.0864
0.0739
0.1547
0.2082
0.1194
0.2317
0.1045
0.0551
0.0789
0.1641
0.2545
0.1888
0.0882
0.0723
0.0778
0.0682
0.0583
0.1227
0.1577
0.1612
0.1127
0.0732
0.0684
0.0796
0.073
0.0862
0.0729
0.0777
0.1184
0.1637
0.2002
0.162
0.1023
0.0821
0.0928
0.0799
0.0808
0.0734
0.081
0.0837
0.0891
0.1585
0.1377
0.1073
0.1206
0.0961
0.098
0.0737
0.0909
0.1517
0.1303
0.1289
0.1504
0.1794
0.2272
0.1749
0.1225
0.09
0.0947
0.123
0.1322
0.1238
0.1185
0.1185
0.1182
0.0996
0.1099
0.1096
0.0893
0.072
0.077
0.0931
0.0889
0.0926
0.1086
0.0952
0.1219
0.1167
0.0822
0.0655
0.0669
0.0687
0.1121
0.0996