0.3256
0.2676
0.3702
0.3822
0.2952
0.2576
0.1862
0.3483
0.2499
0.1649
0.2268
0.0845
0.7421
0.3022
0.2153
0.298
1.2419
2.2099
3.785
5.3937
2.2523
1.392
120.4819
4.3995
0.4367
2.1404
6.7476
4.5147
0.279
0.2388
0.4248
0.2743
0.3442
0.4789
0.3722
0.1975
0.1867
0.2716
0.1436
0.1202
0.1336
0.1624
0.2203
0.1087
0.3716
0.3441
0.0852
0.041
0.0413
0.0964
0.5087
2.5265
0.7762
0.7502
1.0847
1.2268
1.351
1.4237
1.3002
0.8331
0.2657
0.2016
0.2643
0.1215
0.126
0.3142
0.2167
0.1994
0.173
0.1584
0.1865
0.4621
0.3059
0.2723
0.6007
0.2817
0.1112
0.1033
0.1795
0.1323
0.0541
0.0498
0.2107
0.1539
0.2898
0.2226
0.1292
0.2255
0.4605
0.1133
0.0682
0.2683
0.3893
0.3251
0.1337
0.0738
0.1099
0.0624
0.0502
0.0996
0.0917
0.086
0.252
0.1338
0.0693
0.0546
0.103
0.2182
0.3797
0.4557
0.3656
0.1646
0.1182
0.1528
0.0614
0.0332
0.0376
0.0627
0.12
0.1311
0.0828
0.1323
0.1144
0.1193
0.1108
0.08
0.0708
0.0673
0.1714
0.2173
0.1933
0.1022
0.0513
0.0333
0.0919
0.2313
0.1618
0.173
0.116
0.2008
0.4176
0.7369
0.8915
0.4447
0.265
0.1179
0.0635
0.051
0.1131
0.2097
0.0781
0.0315
0.0195
0.021
0.0571
0.1289
0.2775
0.1964
1.3307
1.3957
0.3494
0.1012
0.1315
0.0932
0.0834
0.1728
0.1065
0.091
0.1385
0.2286
1.7065
1.8255
0.714
0.1329
0.0379
0.0526
0.1925
0.5409
0.5841
0.3207
0.187
0.2609
0.1367
0.2217
0.4276
0.1559
0.1197
0.1871
0.1632
0.1763
0.1252
0.0658
0.0348
0.2072
0.2979
0.3235
0.1127
0.0573
0.1471
0.096
0.0377
0.0216
0.0418
0.0847
0.0907
0.0525
0.0956
0.0947
0.14
0.091
0.0392
0.0337
0.1158
0.2395
0.221
0.2536
0.209
0.1501
0.216
0.4162
0.4376
0.321
0.6304
0.8982
1.0923
0.629
0.1805
0.0683
0.089
0.092
0.194
0.5952
0.4064
0.2388
0.1233
0.0492
0.0458
0.2018
0.4904
0.3942
0.4578
0.383
0.1199
0.0634
0.1159
0.3782
0.1842
0.1859
0.1887
0.122
0.038
0.2298
1.1625
0.2785
0.0666
0.2345
0.1232
0.1223
0.1289
0.0858
0.1633
0.2945
0.7569
1.0068
0.8165
0.7533
0.5361
0.2832
0.4552
0.1713
0.1491
0.3029
0.1085
0.0431
0.0226
0.0239
0.058
0.1987
0.1003
0.0998
0.0847
0.0269
0.0795
0.0548
0.0819
0.1177
0.1779
0.3277
0.1946
0.125
0.1538
0.8274
1.2676
1.312
0.5029
0.138
0.0983
0.0898
0.3025
0.1693
0.6031
0.3386
0.3482
0.3389
0.15
0.1938
0.0727
0.0359
0.1189
0.1218
0.0334
0.0785
0.1089
0.032
0.0689
0.3205
0.3856
0.4727
0.1018
0.06
0.2165
0.0758
0.3689
1.2274
0.4337
0.0759
0.0329
0.0648
0.3346
0.4819
0.3991
0.5148
0.7974
0.2793
0.2627
0.2797
0.4455
0.783
0.693
0.4347
0.3857
0.2043
0.1704
0.1436
0.4424
0.2283
0.1106
0.1937
0.5006
0.7532
0.5206
0.4981
0.4504
0.5912
0.7067
1.1678
1.173
0.2885
0.3494
0.5496
0.4102
0.7063
0.6666
0.8368
0.4027
0.1226
0.1606
0.2795
0.2985
0.1937
0.2272
0.4327
0.7956
1.3351
1.431
0.5075
0.2278
0.2084
0.1959
0.1961
0.2219
0.3978
0.4436
0.4162
0.4396
0.436
0.3317
0.2655
0.3934
0.6624
0.7341
1.0039
0.8603
1.3007
2.3596
3.0414
1.9547
1.0168
0.2391
0.8776