3.0714
3.7371
2.7016
2.6164
3.3881
3.8821
5.3715
2.871
4.0023
6.0647
4.4083
11.8279
1.3475
3.3095
4.6448
3.3555
0.8052
0.4525
0.2642
0.1854
0.444
0.7184
0.0083
0.2273
2.2897
0.4672
0.1482
0.2215
3.5841
4.1881
2.3541
3.6461
2.9049
2.088
2.6869
5.0643
5.3564
3.6819
6.9623
8.3202
7.4852
6.1563
4.5399
9.2002
2.6908
2.9061
11.732
24.3929
24.2233
10.3683
1.9657
0.3958
1.2884
1.333
0.9219
0.8151
0.7402
0.7024
0.7691
1.2004
3.7641
4.9614
3.7834
8.2286
7.9343
3.1828
4.6143
5.0143
5.7788
6.3135
5.3628
2.1638
3.2694
3.6727
1.6647
3.5499
8.9947
9.6767
5.5715
7.5597
18.4967
20.0746
4.7458
6.4985
3.4511
4.4932
7.7373
4.4349
2.1714
8.8278
14.6535
3.7273
2.5686
3.0759
7.4775
13.5568
9.0979
16.0265
19.9299
10.0413
10.907
11.6285
3.969
7.4733
14.4398
18.3179
9.7097
4.5833
2.6337
2.1945
2.7352
6.0752
8.4616
6.5445
16.2828
30.1581
26.6226
15.9505
8.3351
7.6266
12.0743
7.5589
8.7384
8.3818
9.0217
12.5003
14.1225
14.8679
5.8332
4.6011
5.1738
9.7829
19.4768
30.0096
10.8812
4.3235
6.1806
5.7809
8.617
4.9806
2.3948
1.357
1.1217
2.2486
3.7737
8.4838
15.7545
19.6156
8.8394
4.7686
12.809
31.789
51.221
47.723
17.5273
7.755
3.6042
5.0923
0.7515
0.7165
2.8624
9.8819
7.6045
10.7245
11.9929
5.7875
9.3936
10.9835
7.2218
4.3744
0.586
0.5478
1.4006
7.5218
26.3934
19.0063
5.195
1.8487
1.712
3.1181
5.3481
3.8332
7.3142
4.5109
2.3387
6.4161
8.3529
5.3437
6.1259
5.6726
7.9852
15.2037
28.7529
4.8271
3.3572
3.0909
8.8696
17.4426
6.7993
10.4121
26.5444
46.2321
23.8973
11.8022
11.0268
19.0475
10.4593
10.5622
7.1441
10.9863
25.5162
29.6452
8.6325
4.1746
4.5257
3.9433
4.7849
6.6643
4.63
2.4027
2.2854
3.1151
1.5864
1.1133
0.9155
1.5897
5.5412
14.6364
11.2323
10.8698
5.1546
1.68
2.4606
4.1881
8.1129
20.3307
21.8191
4.956
2.0393
2.537
2.1843
2.6107
8.3408
15.7779
8.6265
2.6444
5.4281
5.3793
5.3001
8.1985
26.3087
4.352
0.8602
3.5906
15.0119
4.2653
8.1147
8.1764
7.7568
11.6543
6.1222
3.3961
1.3212
0.9932
1.2247
1.3275
1.8654
3.5309
2.1966
5.8366
6.7074
3.3011
9.2148
23.1901
44.3039
41.7953
17.2363
5.032
9.9702
10.0196
11.8005
37.1184
12.5787
18.254
12.2051
8.4953
5.6214
3.0519
5.1381
7.9976
6.5016
1.2086
0.7889
0.7622
1.9885
7.2446
10.1728
11.1359
3.3062
5.9064
1.6582
2.9533
2.8719
2.9506
6.6675
5.1593
13.7524
27.8354
8.4114
8.2087
29.9439
12.7378
9.1843
31.2223
14.5182
3.1201
2.5933
2.1154
9.8228
16.6615
4.6182
13.1934
2.7106
0.8147
2.3056
13.173
30.3957
15.4352
2.989
2.0752
2.5059
1.9425
1.254
3.5805
3.8064
3.5751
2.2445
1.2772
1.443
2.3004
2.5928
4.895
5.8676
6.9619
2.2604
4.3805
9.0405
5.1615
1.9976
1.3277
1.9207
2.0077
2.2203
1.6915
1.4151
0.8563
0.8525
3.4668
2.8621
1.8194
2.4379
1.4159
1.5001
1.1951
2.4834
8.1553
6.2272
3.5773
3.3501
5.1623
4.4023
2.3113
1.2569
0.749
0.6988
1.9706
4.3905
4.798
5.1034
5.0982
4.5061
2.5141
2.2542
2.4026
2.2749
2.2937
3.0148
3.7658
2.5421
1.5097
1.3622
0.9961
1.1624
0.7688
0.4238
0.3288
0.5116
0.9835
4.182
1.1395