0.3177
0.2602
0.3605
0.371
0.2843
0.2477
0.1787
0.3364
0.2387
0.1557
0.2153
0.08
0.7299
0.2901
0.2069
0.2877
1.2536
2.2841
3.9194
5.5868
2.2977
1.4006
122.889
4.4416
0.4321
2.1556
6.852
4.5289
0.2769
0.235
0.4186
0.2682
0.3358
0.4688
0.3631
0.1922
0.1824
0.2667
0.1406
0.1173
0.1303
0.1585
0.2152
0.1057
0.3637
0.3362
0.0825
0.0398
0.0403
0.0951
0.5064
2.5345
0.7736
0.7447
1.0874
1.2343
1.3627
1.4382
1.3113
0.8278
0.257
0.1938
0.2548
0.1169
0.1214
0.3051
0.2096
0.1933
0.1682
0.1543
0.182
0.4548
0.2997
0.2666
0.593
0.2749
0.1077
0.1006
0.1755
0.1291
0.0525
0.0483
0.2047
0.1487
0.2823
0.2171
0.1262
0.2218
0.4567
0.1115
0.0669
0.2635
0.3838
0.3195
0.1303
0.0715
0.1065
0.0604
0.0486
0.0965
0.0886
0.0828
0.2439
0.1289
0.0667
0.0527
0.0998
0.212
0.3711
0.4464
0.3569
0.1595
0.1144
0.1484
0.0596
0.0322
0.0365
0.0609
0.1164
0.1269
0.0797
0.1272
0.1096
0.1134
0.1046
0.075
0.0662
0.0628
0.1616
0.2064
0.184
0.097
0.0487
0.0317
0.0883
0.2251
0.1576
0.1685
0.1128
0.196
0.4115
0.733
0.8894
0.4384
0.2591
0.1142
0.061
0.0486
0.1076
0.2004
0.0742
0.0298
0.0184
0.0195
0.054
0.125
0.2758
0.1931
1.3352
1.398
0.3474
0.0988
0.127
0.0899
0.0805
0.1675
0.1031
0.0887
0.1361
0.2264
1.7184
1.8467
0.7091
0.1287
0.0361
0.05
0.1848
0.5308
0.5766
0.3157
0.1844
0.258
0.1346
0.2178
0.4207
0.1511
0.1146
0.1774
0.1522
0.1625
0.1149
0.0603
0.0319
0.1939
0.2825
0.3082
0.1053
0.0528
0.1364
0.0887
0.0347
0.0199
0.0384
0.0782
0.0837
0.0483
0.088
0.0869
0.1287
0.0832
0.0357
0.0307
0.1061
0.2227
0.2067
0.2398
0.1976
0.141
0.2043
0.4036
0.4268
0.3121
0.6207
0.8945
1.0964
0.6189
0.1739
0.0654
0.0852
0.0878
0.1859
0.5817
0.3924
0.2279
0.117
0.0466
0.0434
0.1926
0.4756
0.3795
0.4423
0.3688
0.1142
0.0604
0.1108
0.3648
0.1755
0.1779
0.182
0.1173
0.0364
0.2261
1.1651
0.2738
0.0646
0.2277
0.1189
0.1177
0.1239
0.0829
0.1577
0.285
0.7507
1.007
0.8152
0.7516
0.5336
0.2792
0.4477
0.1652
0.1423
0.2891
0.1013
0.0399
0.0208
0.0221
0.0541
0.1881
0.0942
0.0936
0.0795
0.0252
0.0744
0.0514
0.0779
0.1128
0.1718
0.3191
0.189
0.1216
0.1505
0.8247
1.2727
1.3179
0.4984
0.135
0.0955
0.087
0.2945
0.164
0.5943
0.3295
0.3359
0.3246
0.142
0.1835
0.068
0.0334
0.1112
0.1131
0.0308
0.0734
0.1024
0.0298
0.0655
0.3119
0.3775
0.4653
0.0993
0.0584
0.2116
0.0738
0.3634
1.2323
0.4277
0.0731
0.0312
0.0615
0.3245
0.4729
0.3915
0.5083
0.7944
0.2764
0.2593
0.2756
0.439
0.7774
0.6847
0.4245
0.3747
0.196
0.1631
0.1385
0.4401
0.2258
0.1082
0.1902
0.4952
0.749
0.514
0.4895
0.4417
0.5835
0.7022
1.17
1.1753
0.2852
0.3452
0.544
0.4036
0.7012
0.661
0.8329
0.3961
0.1201
0.1586
0.2779
0.2969
0.1918
0.2252
0.4297
0.7934
1.3418
1.4395
0.5015
0.2204
0.2015
0.1892
0.1896
0.2154
0.3902
0.4366
0.4077
0.4282
0.4222
0.3216
0.2599
0.3884
0.6586
0.7308
1.004
0.8585
1.305
2.3941
3.1163
1.982
1.017
0.236
0.8763