0.5173
0.5002
0.5099
0.5039
0.4867
0.4784
0.464
0.4459
0.4413
0.4559
0.4621
0.4606
0.4874
0.5289
0.4705
0.4923
0.531
0.5228
0.4933
0.4436
0.4192
0.4432
0.4903
0.4972
0.4527
0.5229
0.486
0.3997
0.3049
0.2577
0.2754
0.3067
0.3346
0.3646
0.3877
0.4031
0.4219
0.4563
0.4888
0.5167
0.5144
0.508
0.4981
0.4979
0.5047
0.5074
0.5082
0.5089
0.5105
0.5088
0.5223
0.5309
0.5107
0.4825
0.4842
0.4935
0.5002
0.5047
0.5051
0.4869
0.476
0.4665
0.4746
0.4701
0.461
0.4444
0.4408
0.4508
0.4614
0.4676
0.4609
0.45
0.449
0.4628
0.4989
0.5334
0.5611
0.5497
0.5197
0.498
0.4968
0.4927
0.4754
0.472
0.4838
0.4941
0.5038
0.5054
0.4876
0.4862
0.5121
0.5505
0.5516
0.5119
0.4735
0.4528
0.452
0.4685
0.4822
0.4951
0.5072
0.5174
0.5329
0.5535
0.572
0.5805
0.5902
0.5862
0.5778
0.5815
0.5884
0.5982
0.6021
0.5886
0.5629
0.5344
0.5159
0.5149
0.5353
0.5609
0.5856
0.6018
0.6074
0.6252
0.6367
0.6455
0.6529
0.657
0.6517
0.6263
0.5909
0.5568
0.5401
0.5374
0.549
0.5641
0.5751
0.5781
0.5671
0.5441
0.5315
0.5195
0.5156
0.491
0.4899
0.5343
0.5887
0.6148
0.6251
0.6416
0.6604
0.671
0.6698
0.6674
0.6022
0.5206
0.4284
0.3344
0.3564
0.3897
0.4305
0.4736
0.5427
0.5908
0.6055
0.5832
0.5706
0.5582
0.5718
0.5939
0.6072
0.5909
0.5467
0.5004
0.4716
0.45
0.4367
0.4276
0.4228
0.4252
0.4313
0.439
0.4473
0.4632
0.4824
0.5184
0.5664
0.6159
0.6684
0.7066
0.6815
0.6715
0.6513
0.602
0.5546
0.5207
0.4802
0.4497
0.4213
0.4254
0.4156
0.4238
0.435
0.3981
0.3658
0.4087
0.4583
0.4685
0.4564
0.4477
0.446
0.4331
0.427
0.4453
0.4529
0.3962
0.3591
0.4179
0.4802
0.4519
0.4422
0.4528
0.4684
0.4857
0.5116
0.5367
0.5653
0.566
0.5487
0.5276
0.5038
0.4879
0.479
0.4778
0.474
0.478
0.5027
0.525
0.5331
0.5312
0.5249
0.5211
0.5308
0.5542
0.5808
0.5986
0.5828
0.5508
0.5187
0.5209
0.5261
0.4731
0.4459
0.4529
0.446
0.4641
0.5264
0.5522
0.5241
0.4503
0.4287
0.4534
0.473
0.4958
0.4976
0.4952
0.501
0.4988
0.5057
0.5025
0.4998
0.4969
0.4992
0.5039
0.5171
0.5265
0.5245
0.5255
0.5243
0.5065
0.471
0.447
0.4467
0.4537
0.4743
0.489
0.4875
0.4796
0.4647
0.4584
0.4521
0.4361
0.4192
0.4033
0.394
0.4221
0.467
0.5184
0.5593
0.5754
0.5867
0.5582
0.5106
0.4731
0.4348
0.4084
0.4013
0.417
0.4686
0.5378
0.5185
0.4399
0.4091
0.5074
0.4859
0.4419
0.428
0.446
0.4755
0.5128
0.5413
0.5617
0.5578
0.5268
0.4914
0.4733
0.4804
0.4912
0.4895
0.495
0.5193
0.5259
0.5227
0.5131
0.5128
0.4991
0.4855
0.4694
0.4676
0.4646
0.4824
0.5135
0.513
0.5276
0.4184
0.3756
0.4161
0.4444
0.4415
0.484
0.5305
0.5389
0.5252
0.5044
0.4724
0.4402
0.4193
0.4114
0.4241
0.457
0.4917
0.4964
0.4902
0.4854
0.4891
0.4996
0.5121
0.5259
0.5493
0.5709
0.5604
0.5459
0.5375
0.5319
0.5334
0.6099
0.6634
0.6687
0.6487
0.6114
0.5801
0.5799
0.574
0.5626
0.54
0.5356
0.5005
0.4512
0.4123
0.3906
0.3926
0.414
0.439
0.4459
0.429
0.4053
0.3925
0.3835
0.3943
0.3974