0.3846
0.3997
0.3843
0.3868
0.3969
0.3906
0.3939
0.4107
0.4205
0.4106
0.3968
0.3824
0.3652
0.3608
0.4546
0.4301
0.4172
0.4079
0.4037
0.4293
0.4544
0.4283
0.3594
0.3609
0.3552
0.3418
0.3708
0.4441
0.5423
0.5988
0.5867
0.5657
0.5496
0.5249
0.5014
0.482
0.4587
0.4197
0.3873
0.362
0.3708
0.3812
0.3952
0.3972
0.3918
0.3898
0.3878
0.3786
0.3654
0.3489
0.3151
0.2867
0.3162
0.3606
0.3558
0.347
0.3475
0.3584
0.3817
0.4269
0.4517
0.4657
0.4563
0.4532
0.4556
0.4688
0.4693
0.4502
0.431
0.4178
0.4195
0.4265
0.4224
0.4063
0.3782
0.3549
0.3431
0.3505
0.3765
0.3987
0.402
0.4093
0.4339
0.4407
0.4225
0.4043
0.3824
0.3602
0.3596
0.3481
0.316
0.2722
0.2617
0.3024
0.3443
0.3649
0.3642
0.3457
0.3349
0.3319
0.3353
0.3435
0.3441
0.3337
0.321
0.3161
0.3091
0.3195
0.327
0.3153
0.2952
0.2686
0.2485
0.2477
0.2608
0.2796
0.2904
0.2833
0.2544
0.224
0.1985
0.1844
0.1875
0.1913
0.2079
0.2264
0.2423
0.2537
0.2599
0.2779
0.3069
0.3366
0.3499
0.3479
0.3328
0.3158
0.3094
0.3172
0.3398
0.3707
0.3808
0.3785
0.3654
0.3759
0.3645
0.3137
0.2601
0.2458
0.2466
0.2338
0.2108
0.1992
0.2059
0.2152
0.2307
0.2487
0.2706
0.2995
0.317
0.322
0.3322
0.3508
0.3317
0.3096
0.3011
0.3263
0.3296
0.3235
0.2879
0.25
0.229
0.2492
0.3081
0.3759
0.4197
0.4364
0.4343
0.4251
0.4099
0.3883
0.3643
0.3425
0.3296
0.3138
0.2968
0.2666
0.2351
0.2111
0.1915
0.1871
0.1459
0.1634
0.2513
0.3104
0.3493
0.3777
0.4251
0.4666
0.4615
0.4881
0.5005
0.4891
0.4752
0.4342
0.3846
0.3817
0.4057
0.4086
0.3802
0.3782
0.4137
0.4345
0.4385
0.451
0.427
0.3234
0.2695
0.3547
0.4318
0.422
0.41
0.3905
0.3702
0.3463
0.3147
0.2936
0.2679
0.269
0.2859
0.3063
0.3286
0.3439
0.3535
0.3544
0.355
0.3484
0.33
0.3179
0.3199
0.3312
0.3418
0.3452
0.3316
0.3089
0.2873
0.2779
0.2986
0.3225
0.3389
0.3447
0.3445
0.3547
0.364
0.3681
0.389
0.3797
0.3249
0.3061
0.3328
0.3759
0.3887
0.3732
0.3346
0.2933
0.2773
0.2813
0.2786
0.2956
0.3037
0.3263
0.3457
0.3645
0.3766
0.38
0.3736
0.3701
0.3726
0.3709
0.3794
0.4001
0.4293
0.456
0.4595
0.4495
0.414
0.3906
0.3844
0.3886
0.3976
0.3932
0.3858
0.388
0.398
0.4124
0.4287
0.4201
0.398
0.3665
0.3432
0.3317
0.3021
0.3105
0.346
0.3667
0.3854
0.4081
0.4235
0.4204
0.3839
0.353
0.3
0.2562
0.2575
0.3907
0.3942
0.4036
0.4078
0.3867
0.3621
0.3318
0.3079
0.2881
0.2804
0.2994
0.3455
0.3823
0.3813
0.3582
0.3327
0.2975
0.2486
0.2272
0.2205
0.2293
0.2336
0.2554
0.2947
0.3482
0.3906
0.4245
0.4271
0.4038
0.3795
0.2857
0.3351
0.4291
0.4236
0.415
0.4441
0.4247
0.399
0.4079
0.4185
0.4196
0.4153
0.4112
0.4173
0.4146
0.3817
0.3375
0.3071
0.3048
0.3195
0.3332
0.3335
0.3164
0.2921
0.2662
0.2356
0.213
0.2259
0.2473
0.2641
0.2779
0.2802
0.2033
0.1631
0.1614
0.1865
0.2289
0.2595
0.2504
0.2514
0.2685
0.3034
0.3148
0.3246
0.3439
0.3708
0.3864
0.383
0.3619
0.3346
0.3324
0.366
0.4069
0.4354
0.4495
0.4389
0.4155