759.7359
696.7768
777.7193
969.9323
960.0019
925.8118
898.3186
819.8599
683.6540
493.4774
483.4273
455.8806
457.4052
486.3285
446.3566
374.0845
310.4309
335.6309
481.5814
747.3391
663.7003
710.3140
724.1929
727.0263
741.6061
921.3246
1595.5868
2174.3347
1682.7694
1187.9957
1097.3293
1086.8303
1191.1425
1458.2625
1870.1314
2526.1708
3326.8188
3448.3791
2483.5293
2067.6489
1740.7183
1284.4487
1138.8384
1202.4227
1300.6035
1544.6969
2565.4497
3811.4668
4083.4677
3966.9839
2943.8405
2302.8564
2049.7884
1698.8595
1429.3440
1114.1581
701.8531
647.0699
650.6262
649.7615
767.2408
1132.7747
1104.6325
1077.0181
1161.2522
1198.1938
1305.1616
1713.8111
1890.2016
1422.2691
1173.6475
957.2803
1023.5058
1171.4488
1172.6457
1415.6006
1925.1162
2071.4415
1983.0510
2348.8194
1846.8655
1307.0973
1230.4499
1267.2623
1357.5602
1583.3538
2378.8989
2047.2039
2078.2723
3000.8396
3152.1925
3214.8995
3286.2501
3369.9345
3712.1899
4970.6434
5323.4938
2924.3246
1858.3881
1271.4267
1175.4823
1364.6462
1507.0451
1789.8694
2041.6740
1858.7803
1612.8787
1634.8059
1963.8312
2191.1447
2679.1284
3542.9704
4479.9142
5970.6660
8366.4050
6765.9372
4540.7988
3829.5605
3310.3318
2883.3651
2980.7221
2974.6207
2889.9344
3226.8348
3526.4391
2811.9309
2045.1186
1462.6647
1396.3036
1566.2304
1830.8588
1958.9519
1956.8823
1910.8372
1910.4483
1964.4109
2036.5930
1958.0132
1362.9861
2567.8438
2896.8849
2909.6520
2916.1771
2942.9160
2952.7107
2925.5137
2690.8434
2209.6683
2066.3764
2384.2240
3469.2194
3848.1629
3566.8883
2994.2135
1729.5296
1407.8311
1395.3555
1396.7399
1588.0395
2396.5861
3787.5080
4111.7406
4111.2840
4607.3066
4732.7491
4464.5405
3031.8418
1876.1053
1400.2096
1137.1721
1240.2196
1803.9829
2130.4663
1233.5274
1113.7912
1158.3007
1290.5471
1695.0858
2548.1138
3622.6324
2292.1338
1675.8740
1484.5556
1347.0330
1362.1324
1457.3490
1407.1570
1441.0652
1615.4917
1809.1268
1783.8560
1291.1268
963.2763
941.0893
1014.6812
1185.3025
1635.7793
2090.4061
2438.9285
2953.4826
3505.5406
3954.0486
4105.1951
3680.8632
3378.3308
2775.3453
2432.3433
2521.4412
2291.8550
1932.5880
1567.4195
1295.0390
1186.0191
1275.9831
1345.8990
1322.8598
1317.5190
1141.6104
909.1577
941.7161
917.8391
928.4515
999.7281
1070.5559
1171.8567
1570.9018
2348.5299
2294.8569
1356.2467
982.8756
869.8473
992.0484
1619.2040
2082.2098
1582.4734
1197.3796
926.0716
695.0916
601.8721
697.6289
955.1383
1074.5295
1121.6142
1069.6440
1011.9218
1079.1192
1611.7448
2535.0869
2359.7250
1799.0359
1524.9261
1469.6183
1496.6123
1799.4878
2781.5871
3112.7009
1664.9262
992.7445
969.1385
973.9800
978.6783
1001.5850
1137.6335
1716.1641
2569.0974
2340.9555
1877.0819
1362.4459
1254.1788
1306.5523
1406.1048
1899.4484
3276.2535
4845.2495
4094.4126
3046.2169
2486.7550
2379.2942
2711.7657
3143.1284
3291.4035
2986.8978
2746.8016
2314.3082
1953.9041
1892.4523
2011.6089
1817.2429
1359.8062
1057.5669
1115.1300
1295.8486
1493.3000
1752.2254
1954.7593
2381.3747
2697.4490
1880.7249
1470.5854
1170.1132
954.6248
940.4026
1275.0240
1913.4234
2515.9760
2490.8499
1982.0005
1706.7693
1966.3387
2781.2768
3619.4995
3068.1315
1944.2162
1494.4198
1347.0912
1346.9275
1402.9580
1735.0830
2385.4478
2271.2271
1649.4424
1450.9435
1498.0503
1870.7015
2036.8483
1908.5724
1565.0224
1298.9750
1175.1563
1458.9052
1761.4154
2090.1494
2494.5968
2410.3155
1380.6497
1080.4721
974.7502
976.1267
1041.5097
1182.9542
1393.2151
1774.8880
2794.0751
3680.8365
2582.1480
1863.3494
1517.0148
1364.3626
1263.6525
1207.6832
1170.9621
1244.7114
1306.5916
1304.6512
1363.7547
1461.6300
1365.2337
1370.8831
1239.3344
1003.8530
915.4971
889.6671
871.6963
1043.3131
1513.7861
2398.0053
3652.6030
3868.1196
2961.2221
2165.8660
1289.0714
1001.1960
927.8325
874.7077
800.8560
821.1861
908.2993
1110.1891
1256.2704
1289.9738
1254.8514
1136.1924
950.8007
835.6525
862.6086
1049.6950
1499.9717
2078.0896
2105.8680
1459.5478
969.9779
835.7737
769.9655
778.6627
795.0931
830.4581
1020.5181
1774.7337
2766.8654
1372.2487