58.0653
58.5248
59.0097
59.7181
60.7038
61.7272
62.4899
62.9453
63.1765
63.1820
63.5332
64.1312
63.3700
60.1354
58.0805
55.8808
55.0240
55.5024
57.0649
58.9098
59.6946
59.5307
59.2960
58.8778
61.1167
58.3708
59.0897
60.8394
62.4222
63.0976
62.8131
62.1451
61.5114
61.0048
60.6465
60.3577
60.0531
59.7192
59.3484
58.9993
58.6967
58.5293
58.4280
58.4151
58.4196
58.4408
58.4979
58.7270
59.0802
59.6723
60.3511
61.0422
61.5379
61.8189
61.9323
61.6607
60.9768
59.8860
58.6335
57.7443
57.4898
57.5578
57.6059
57.7864
58.2513
58.6454
58.8891
59.1067
59.2455
59.3988
59.6918
60.0928
60.4027
60.3542
59.6252
58.5979
57.3952
57.3937
57.7941
58.0827
58.1277
58.1046
58.1238
58.1744
58.2207
58.2703
58.6853
59.5507
60.5783
61.5670
61.9464
62.0072
62.5032
63.0795
63.6345
64.0862
64.3244
64.2649
63.8528
63.0886
62.0972
61.0205
59.9649
59.0184
58.2559
57.6782
57.2708
57.0134
57.1858
57.7183
58.4985
59.4468
60.3991
61.3521
62.2777
63.0928
63.7910
64.4197
64.9386
65.1783
65.1956
65.1051
64.7308
63.7109
62.2460
60.6761
59.2606
58.2772
58.1070
58.5164
59.0787
59.5846
59.8482
59.8753
59.4697
58.8816
58.1928
57.4683
56.8861
56.5026
56.4912
57.2172
58.4319
59.9321
61.0819
61.3271
61.0463
60.4822
60.0208
59.6833
59.5636
59.5309
59.6492
59.9885
62.9958
66.5810
70.3595
73.6238
71.5747
69.1348
66.2405
62.9845
59.8184
57.5880
56.8416
56.8590
57.4862
58.3903
59.0623
59.2935
59.4379
59.6625
59.9048
60.0190
60.2674
61.0839
61.9597
62.6348
63.3162
63.9959
64.6905
65.3361
65.7356
65.8638
65.8744
65.6378
64.8553
63.6319
62.0076
60.3250
59.1053
58.6355
58.8582
59.3833
59.9866
60.5415
60.9532
61.2101
61.3857
61.5012
61.5901
61.6430
61.5098
61.3088
61.0087
60.8713
61.2044
61.5949
61.8235
61.9284
62.1986
62.4561
62.5781
62.1031
60.6391
58.6676
57.8643
58.6513
60.0863
61.7267
62.6835
62.9761
63.0630
63.2119
63.2587
62.9238
62.5083
62.4863
62.8347
63.2953
63.8100
64.2506
64.4813
64.6465
64.7898
64.7241
64.0880
63.2329
62.5537
62.1468
61.9762
61.9184
61.7100
61.1053
60.4920
60.1260
60.1173
60.6933
61.4365
60.9159
60.4829
62.3734
63.3145
63.2126
63.0717
62.5877
61.5208
60.9828
61.5049
63.8303
64.9807
64.3502
64.4957
64.6124
64.6521
64.5880
64.4061
64.1246
63.7973
63.4672
63.1581
62.9121
62.6491
62.2881
61.7488
61.1537
60.7234
60.4070
60.0375
60.1888
60.9340
61.0896
60.9356
60.7811
60.7143
60.6473
60.7572
60.8871
61.2725
61.7246
62.2889
62.9025
63.2929
63.5318
63.4355
62.3947
60.8015
59.0906
57.6465
57.1772
58.1099
60.0488
62.2839
64.4797
66.1789
66.9426
66.7821
65.9726
64.4264
61.6783
59.2025
57.7853
57.3925
58.6067
61.0380
62.8528
63.2780
62.9449
62.1210
61.3231
60.7173
60.4527
60.8680
61.5925
61.7857
61.9326
62.2917
63.0805
64.1744
65.3770
66.3834
66.8807
67.0473
66.9641
66.9013
66.7305
65.6636
63.8268
61.6533
59.8982
58.6843
58.1418
59.8265
64.0662
67.0088
64.5399
62.5457
60.8079
59.0467
57.0910
55.4939
54.7868
55.2234
56.5134
58.5298
60.5808
61.7483
62.8736
64.2148
64.8204
64.4318
64.0170
63.6223
63.2677
62.9512
62.9543
63.0219
63.1776
63.3149
63.4148
63.3383
63.1185
62.7671
62.3886
62.0511
61.8439
61.5901
61.3086
61.2697
61.3060
61.4738
61.6459
61.8214
62.0126
62.2352
62.4961
63.8587
65.2873
65.9780
66.3395
66.4346
66.2472
65.8667
65.1739
64.3029
63.5609
62.8811
62.7019
62.7256
63.6073