86.6756
100.3859
66.4450
56.2515
66.0921
76.1107
109.4370
55.8717
68.1111
92.1415
67.9127
202.3262
22.0800
59.0629
94.3284
68.7502
21.7786
17.2632
21.6240
23.7989
28.6022
46.5667
49.9283
81.6594
122.5689
77.1673
55.0051
244.0646
339.6671
200.9180
94.4433
119.9076
78.3851
52.3845
70.0166
152.7993
192.5754
150.3175
279.9756
306.3350
262.1205
214.6458
154.6768
298.7938
80.5134
83.7371
338.9114
812.0661
981.6956
650.1766
214.8682
187.8873
88.7249
46.3194
33.0850
31.2960
30.7776
29.9979
27.9886
32.7348
85.3222
104.1519
78.0315
190.3814
188.4366
76.1901
110.7182
131.2653
170.1307
206.0086
184.2817
73.7106
113.1879
129.0868
52.6245
106.6408
253.6597
324.9721
209.2477
275.2824
618.1773
630.2914
132.3418
165.7621
96.0291
144.4345
282.5566
211.5989
139.9606
502.0252
673.6306
152.9406
112.5434
121.3384
249.8338
413.6280
262.0835
460.7461
588.3087
292.2235
298.1400
291.0529
93.7030
179.0666
366.8120
510.7991
284.4136
128.2504
73.3189
59.6941
74.1132
165.7300
234.7169
191.6710
519.5690
1034.8119
922.2009
528.2679
250.5732
207.2337
297.2698
171.9814
183.4771
149.2674
142.7203
185.1499
201.6747
209.5079
85.1657
72.8722
87.5407
173.5689
360.1708
603.9293
256.3723
124.1961
198.9522
185.4530
272.0653
168.6779
96.1698
68.4947
53.6750
88.9329
125.6618
240.6190
380.9264
401.8231
162.6967
85.5907
239.7965
591.4558
847.6194
668.0740
306.7359
218.8085
426.8105
248.8493
74.5684
174.6746
331.5761
371.2733
192.1909
268.4355
319.8134
158.2079
269.9872
386.9147
362.7123
355.2769
61.0608
40.1201
60.3854
203.6662
532.4858
359.0679
106.1901
46.2401
56.2571
137.0535
312.6791
262.4450
416.9891
202.6445
83.8221
177.3535
172.3516
84.4561
77.0340
60.6530
85.8844
172.0112
340.4026
60.9744
46.8265
45.0606
119.6873
210.8774
81.0153
124.8819
323.1924
568.1960
283.0306
140.1109
131.3566
225.7243
120.4520
117.7098
77.1669
117.8998
274.1894
317.5837
92.0233
46.2399
55.5381
55.0026
70.4188
94.5868
68.3675
47.2168
53.2625
76.7630
39.4692
28.3980
23.4474
37.5872
126.2672
322.1449
238.5795
219.5715
100.3678
30.8643
43.2527
71.3019
141.9507
372.7247
393.1871
87.6168
35.4871
42.2267
36.0617
44.4288
155.2744
318.0450
172.5961
47.5223
94.5954
102.1802
122.8837
188.8459
615.8017
207.8266
65.4703
154.6167
454.2437
114.0479
203.7752
190.3050
174.7537
318.8065
148.1110
75.3852
40.3050
47.0500
139.7799
148.2271
184.3668
179.9580
73.1430
136.4499
125.5361
51.3151
123.9194
299.3297
565.8012
543.5604
243.6037
76.6572
149.1372
145.7953
174.8704
545.3008
182.7911
281.0739
227.4613
180.3139
136.2759
79.9240
143.4303
255.9438
255.2284
64.7746
52.7657
53.5248
111.8197
281.0229
319.5458
322.0254
88.7581
157.4484
46.2277
73.3461
54.0560
47.0434
106.9553
78.9892
197.8477
385.3911
115.2802
101.3487
372.7656
180.7529
137.6331
441.4551
275.3238
80.1354
77.2360
72.5611
366.3970
588.0146
160.5044
453.4923
115.3077
46.7355
95.6992
325.1220
577.0962
283.2336
67.0863
58.7896
80.6174
75.8570
68.6594
246.2295
219.3531
178.2829
85.7151
40.1825
38.0186
56.3468
57.0964
97.4506
114.1548
168.0918
247.6355
316.0651
366.8116
227.2655
93.6603
60.7470
73.1791
59.6867
63.9186
53.9325
67.0911
76.1356
79.3623
219.6959
154.9888
80.9212
90.6429
59.1260
59.9863
43.4907
91.1252
355.5371
414.7955
430.8031
432.5347
431.5008
389.1961
190.7219
94.5013
51.7369
51.8679
84.2733
105.8142
115.1980
120.6319
123.8980
120.0605
80.3358
79.9481
69.9466
50.3903
41.9620
67.4746
130.6597
121.8938
90.8160
79.9130
54.5615
77.7360
72.8293
40.1041
28.1003
35.7894
65.3773
241.0191
97.1493