0.0530
0.0540
0.0589
0.0638
0.0686
0.0733
0.0753
0.0763
0.0791
0.0829
0.0854
0.0868
0.0865
0.0719
0.0512
0.0436
0.0379
0.0366
0.0379
0.0410
0.0446
0.0466
0.0467
0.0460
0.0470
0.0472
0.0458
0.0446
0.0446
0.0455
0.0472
0.0488
0.0505
0.0521
0.0525
0.0513
0.0504
0.0518
0.0538
0.0559
0.0543
0.0526
0.0510
0.0513
0.0529
0.0537
0.0541
0.0542
0.0549
0.0556
0.0592
0.0622
0.0660
0.0681
0.0687
0.0678
0.0642
0.0584
0.0525
0.0478
0.0471
0.0473
0.0488
0.0478
0.0490
0.0491
0.0500
0.0515
0.0524
0.0531
0.0535
0.0545
0.0560
0.0573
0.0585
0.0574
0.0546
0.0516
0.0493
0.0485
0.0493
0.0492
0.0483
0.0491
0.0499
0.0501
0.0526
0.0559
0.0580
0.0640
0.0705
0.0763
0.0788
0.0779
0.0776
0.0784
0.0802
0.0819
0.0810
0.0784
0.0749
0.0710
0.0676
0.0646
0.0619
0.0587
0.0571
0.0556
0.0556
0.0593
0.0646
0.0711
0.0768
0.0800
0.0813
0.0818
0.0834
0.0872
0.0935
0.0990
0.1032
0.1056
0.1052
0.1040
0.0991
0.0925
0.0861
0.0813
0.0790
0.0767
0.0744
0.0723
0.0711
0.0697
0.0668
0.0632
0.0596
0.0559
0.0514
0.0458
0.0429
0.0441
0.0508
0.0575
0.0652
0.0735
0.0803
0.0824
0.0826
0.0831
0.0841
0.0853
0.0877
0.0924
0.0974
0.1016
0.1041
0.1027
0.0969
0.0889
0.0811
0.0730
0.0672
0.0606
0.0575
0.0546
0.0561
0.0579
0.0610
0.0629
0.0646
0.0650
0.0636
0.0624
0.0638
0.0667
0.0689
0.0691
0.0697
0.0717
0.0748
0.0787
0.0828
0.0868
0.0908
0.0962
0.1011
0.1044
0.1062
0.1053
0.1015
0.0961
0.0887
0.0831
0.0786
0.0767
0.0756
0.0757
0.0762
0.0748
0.0735
0.0746
0.0765
0.0770
0.0778
0.0792
0.0818
0.0848
0.0884
0.0889
0.0875
0.0868
0.0870
0.0834
0.0756
0.0683
0.0657
0.0664
0.0689
0.0700
0.0720
0.0743
0.0766
0.0793
0.0827
0.0848
0.0864
0.0868
0.0871
0.0878
0.0883
0.0897
0.0906
0.0919
0.0918
0.0912
0.0909
0.0891
0.0865
0.0847
0.0831
0.0818
0.0804
0.0787
0.0786
0.0803
0.0788
0.0768
0.0744
0.0718
0.0698
0.0679
0.0677
0.0708
0.0719
0.0726
0.0749
0.0759
0.0758
0.0777
0.0829
0.0834
0.0832
0.0834
0.0804
0.0798
0.0798
0.0806
0.0825
0.0838
0.0847
0.0860
0.0876
0.0870
0.0858
0.0832
0.0788
0.0757
0.0738
0.0730
0.0725
0.0706
0.0699
0.0688
0.0678
0.0674
0.0662
0.0651
0.0648
0.0653
0.0661
0.0657
0.0648
0.0640
0.0633
0.0631
0.0613
0.0587
0.0563
0.0557
0.0619
0.0706
0.0810
0.0915
0.0963
0.0982
0.0976
0.0957
0.0935
0.0887
0.0802
0.0703
0.0659
0.0672
0.0708
0.0718
0.0710
0.0701
0.0684
0.0689
0.0691
0.0702
0.0705
0.0691
0.0677
0.0709
0.0772
0.0835
0.0867
0.0916
0.0991
0.1012
0.0997
0.0970
0.0974
0.0955
0.0895
0.0787
0.0679
0.0584
0.0550
0.0571
0.0669
0.0899
0.0841
0.0662
0.0629
0.0560
0.0453
0.0396
0.0375
0.0366
0.0377
0.0415
0.0461
0.0510
0.0549
0.0617
0.0716
0.0802
0.0835
0.0809
0.0782
0.0763
0.0749
0.0750
0.0747
0.0754
0.0789
0.0833
0.0814
0.0786
0.0759
0.0734
0.0714
0.0824
0.0926
0.0917
0.0892
0.0845
0.0806
0.0798
0.0792
0.0806
0.0821
0.0857
0.0863
0.0839
0.0808
0.0790
0.0799
0.0818
0.0818
0.0775
0.0705
0.0637
0.0590
0.0571
0.0592
0.0630