1523.9245
1397.6374
1559.9966
1945.5491
1925.6301
1857.0496
1801.9020
1644.5249
1371.3147
989.8470
969.6880
914.4330
917.4911
975.5073
895.3291
750.3615
622.6812
673.2289
965.9853
1499.0582
1331.2904
1424.7910
1452.6301
1458.3136
1487.5586
1848.0489
3200.5250
4361.4127
3375.4011
2382.9540
2201.0898
2180.0302
2389.2661
2925.0716
3751.2233
5067.1471
6673.1355
6916.9684
4981.6142
4147.4159
3491.6386
2576.4253
2284.3512
2411.8926
2608.8297
3098.4471
5145.9350
7645.2719
8190.8679
7957.2175
5904.9343
4619.2094
4111.5902
3407.6758
2867.0651
2234.8460
1407.8196
1297.9321
1305.0656
1303.3312
1538.9782
2272.1884
2215.7391
2160.3484
2329.3104
2403.4100
2617.9724
3437.6664
3791.4814
2852.8739
2354.1736
1920.1710
2053.0102
2349.7632
2352.1641
2839.4977
3861.5151
4155.0233
3977.7242
4711.4049
3704.5550
2621.8552
2468.1112
2541.9518
2723.0768
3175.9874
4771.7400
4106.4061
4168.7249
6019.2664
6322.8594
6448.6410
6591.7604
6759.6196
7446.1362
9970.4187
10678.1875
5865.7881
3727.6679
2550.3049
2357.8539
2737.2903
3022.9227
3590.2289
4095.3139
3728.4546
3235.2102
3279.1932
3939.1721
4395.1313
5373.9587
7106.7054
8986.0843
11976.3249
16781.8439
13571.5282
9108.2104
7681.5653
6640.0647
5783.6291
5978.9136
5966.6751
5796.8062
6472.5815
7073.5459
5640.3419
4102.2233
2933.9018
2800.7907
3141.6401
3672.4479
3929.3849
3925.2336
3832.8735
3832.0933
3940.3349
4085.1222
3927.5019
2733.9605
5150.7373
5810.7479
5836.3568
5849.4453
5903.0798
5922.7266
5868.1733
5397.4573
4432.2871
4144.8634
4782.4215
6958.7712
7718.8792
7154.6815
6005.9756
3469.1956
2823.9132
2798.8890
2801.6659
3185.3862
4807.2182
7597.2139
8247.5794
8246.6634
9241.6158
9493.2359
8955.2469
6081.4527
3763.2061
2808.6256
2281.0089
2487.7079
3618.5386
4273.4188
2474.2842
2234.1102
2323.3899
2588.6579
3400.1062
5111.1616
7266.4964
4597.7013
3361.5701
2977.8119
2701.9606
2732.2480
2923.2393
2822.5610
2890.5761
3240.4514
3628.8566
3578.1668
2589.8206
1932.1982
1887.6941
2035.3092
2377.5518
3281.1455
4193.0637
4892.1510
5924.2750
7031.6265
7931.2711
8234.4500
7383.2991
6776.4613
5566.9564
4878.9421
5057.6601
4597.1421
3876.5026
3144.0254
2597.6681
2378.9893
2559.4445
2699.6860
2653.4726
2642.7597
2289.9116
1823.6439
1888.9515
1841.0576
1862.3444
2005.3154
2147.3861
2350.5815
3151.0104
4710.8240
4603.1635
2720.4421
1971.5117
1744.7926
1989.9111
3247.8978
4176.6230
3174.2214
2401.7768
1857.5708
1394.2570
1207.2716
1399.3465
1915.8744
2155.3567
2249.8020
2145.5569
2029.7742
2164.5629
3232.9356
5085.0315
4733.2798
3608.6156
3058.7894
2947.8497
3001.9959
3609.5221
5579.4765
6243.6448
3339.6103
1991.3073
1943.9568
1953.6683
1963.0924
2009.0402
2281.9344
3442.3863
5153.2518
4695.6309
3765.1650
2732.8768
2515.7081
2620.7621
2820.4506
3810.0291
6571.7086
9718.8960
8212.8218
6110.2871
4988.0844
4772.5330
5439.4245
6304.6780
6602.0972
5991.3012
5509.7016
4642.1800
3919.2597
3795.9959
4035.0074
3645.1363
2727.5819
2121.3319
2236.7955
2599.2919
2995.3519
3514.7202
3920.9751
4776.7062
5410.7072
3772.4723
2949.7895
2347.0842
1914.8445
1886.3166
2557.5206
3838.0609
5046.6976
4996.2982
3975.6171
3423.5416
3944.2017
5578.8542
7260.2122
6154.2448
3899.8271
2997.5981
2702.0775
2701.7490
2814.1385
3480.3350
4784.8762
4555.7654
3308.5519
2910.3907
3004.8803
3752.3668
4085.6341
3828.3305
3139.2171
2605.5630
2357.2000
2926.3607
3533.1541
4192.5488
5003.8140
4834.7574
2769.3912
2167.2766
1955.2132
1957.9743
2089.1235
2372.8414
2794.5955
3560.1782
5604.5258
7383.2456
5179.4296
3737.6196
3042.9205
2736.7215
2534.7110
2422.4444
2348.7870
2496.7179
2620.8409
2616.9488
2735.5021
2931.8263
2738.4687
2749.8008
2485.9322
2013.5894
1836.3598
1784.5484
1748.5015
2092.7409
3036.4442
4810.0648
7326.6132
7758.9095
5939.7993
4344.4258
2585.6978
2008.2598
1861.1028
1754.5420
1606.4056
1647.1851
1821.9221
2226.8848
2519.9035
2587.5079
2517.0572
2279.0437
1907.1740
1676.2026
1730.2727
2105.5420
3008.7344
4168.3586
4224.0780
2927.6497
1945.6407
1676.4458
1544.4437
1561.8889
1594.8461
1665.7834
2047.0173
3559.8687
5549.9469
2752.5398