57.2199
57.9270
58.3153
58.1631
56.8531
55.1310
54.7713
56.1000
57.8680
58.9127
59.2244
59.9035
61.4119
63.0483
64.4263
65.7342
66.7970
67.0860
66.6534
65.4565
64.1118
62.8305
61.8039
61.1712
60.7812
60.7239
61.3567
62.5425
63.6336
64.0847
63.7426
63.0548
61.6943
60.0291
59.8103
60.6882
63.4753
68.3771
70.1723
67.7011
63.4462
59.9075
58.7997
60.1322
60.8544
61.3332
60.8408
59.3398
58.2431
58.4890
56.8407
56.9410
58.2821
60.9092
64.7322
68.6676
65.2109
58.1629
57.9838
56.9051
56.2282
59.6182
59.5302
57.8037
56.5506
56.3465
56.8900
57.6133
58.3294
59.2649
60.4976
61.8254
62.7550
62.8794
62.4816
62.3214
62.7318
63.6101
64.9742
66.3071
66.6628
65.9555
64.6320
63.2471
62.0012
60.9122
60.0705
59.5969
59.4442
59.4185
59.6121
60.5137
61.8050
62.6348
62.9797
63.4342
64.3350
65.1793
65.2934
64.7158
63.7708
62.5028
61.4392
60.5881
60.0129
59.7622
59.6552
59.7055
59.8285
60.0485
60.8405
62.2816
63.9698
65.2659
65.5322
63.9182
62.4313
61.7033
60.6993
60.5153
60.8654
61.3669
61.6964
61.8576
62.0569
62.4163
62.9392
63.5355
63.9705
63.6454
62.7541
62.2177
62.1254
62.0951
61.9133
61.6621
61.6187
61.6735
61.6216
61.8869
62.9202
64.3138
65.3758
65.6261
65.1985
64.6663
63.8973
63.1439
62.4021
62.0453
61.8572
62.1723
62.4742
62.8984
63.7686
64.0926
63.1186
61.9660
62.0138
62.7779
63.1598
63.0660
62.8209
62.6745
62.8230
63.5466
64.3460
64.5339
64.5359
63.8412
63.5808
64.2784
65.6943
67.2800
68.8240
70.1316
70.8262
70.9781
71.0811
71.3516
71.9374
72.2857
72.2868
72.4236
73.1232
74.9390
76.8895
78.2606
75.2691
70.3543
67.8153
68.2161
70.1977
69.6605
65.9559
62.0851
60.1913
59.6647
59.7731
60.1254
60.7960
61.7601
62.7650
63.2519
63.3135
63.1694
63.0623
63.2730
63.7880
64.3773
64.8581
65.1095
65.3221
66.5338
68.7360
71.2439
72.9786
71.2081
66.7675
63.7263
63.4542
64.2936
64.7410
64.9032
65.3207
65.5433
65.5297
65.6976
65.8135
65.8496
66.7057
68.8844
71.4848
72.9691
72.4302
70.9254
68.8432
66.9177
65.9174
65.6579
66.1090
67.3010
68.5827
69.6828
70.4926
70.9260
70.1354
66.8861
65.0709
65.6388
66.4692
67.4405
68.1100
68.1810
67.4965
66.6341
65.6754
65.0584
65.0783
64.9961
64.6213
64.1402
63.4014
62.7252
62.5324
63.1541
69.0332
76.0773
76.4367
73.0205
68.4137
65.6785
65.1816
65.2844
65.2797
65.3245
65.6237
66.3510
67.4782
68.1371
67.8800
66.9481
65.8567
65.2839
66.1958
67.7254
68.4893
68.5628
68.5691
69.2629
70.6188
71.6005
72.1930
71.8031
70.7725
69.2740
68.1914
67.9652
68.1291
68.8440
69.7292
70.7207
71.5526
72.1922
72.5980
72.5644
71.3290
69.4273
68.5269
68.3327
67.8213
67.0361
66.5526
66.8843
67.0065
65.5793
64.1885
66.8139
71.4820
73.5884
78.3831
79.7160
76.3439
71.4194
68.3325
67.4900
67.3735
66.7131
65.7446
65.6868
67.0929
69.2268
71.2165
72.8940
74.3421
75.6041
76.5875
76.4571
74.8914
72.0698
68.9201
66.8812
67.4625
70.7067
73.8029
75.7521
76.5151
76.6756
77.8183
78.7276
78.7408
77.5811
76.1735
74.8261
75.5133
80.2026
85.0671
89.2845
90.9556
97.8932
103.9225
112.2364
114.9347
113.4859
111.2395
108.6235
107.3212
106.3727
106.3826
106.5442
106.8477
107.8030
108.8914
109.4696
110.2794
111.5218
112.8828
114.3166
109.2694
101.0303
93.0931
90.2963
101.2019
114.1824
116.6926
114.6139
110.4052
105.0436
99.7623
96.1076
94.6190
94.4915
94.6049
95.5235
96.4427
97.3650
98.1818
98.6716
99.0184
98.9310