93.8870
85.8560
77.6359
75.2327
81.9263
146.7314
181.7520
187.4396
190.3775
194.4655
198.5527
202.7254
207.3018
212.1255
215.3242
216.0668
215.8337
214.4072
218.9822
226.4308
233.8910
249.3151
265.7338
283.0303
287.3727
259.7559
228.3975
184.0416
298.3931
471.8804
441.1729
408.4464
324.6456
240.7103
190.7210
143.0307
143.9148
174.4745
210.2307
294.7520
334.2798
289.6544
246.5419
236.8863
257.1592
324.9562
396.6318
452.0164
417.9525
310.9679
268.4017
333.5421
397.5771
381.0421
303.2095
260.4499
252.4595
203.0810
137.8828
115.6680
139.6908
192.2082
213.0667
173.9223
129.0101
121.2528
139.2044
157.8596
166.0290
167.8002
168.5403
169.2271
169.6684
169.9173
170.2113
170.5941
171.0792
171.7322
172.5588
173.5605
175.6278
179.4214
182.0900
245.7287
456.0386
638.0908
712.3765
509.3516
307.6999
293.7244
305.3893
317.6020
370.0560
393.5428
355.7507
283.0844
262.8738
267.8678
357.3449
469.9064
440.9168
331.8308
243.2818
207.2227
189.4600
161.9238
166.4683
236.4082
298.3587
274.0798
230.9990
251.4987
280.9576
264.8918
238.6995
231.7116
233.7757
232.1360
224.3291
234.0714
275.6196
305.3435
345.0445
628.3877
904.1221
674.4092
372.5236
311.1597
305.5064
277.5316
308.5726
517.8336
640.7081
448.3326
259.9969
234.9616
269.0365
282.5163
249.5379
253.1466
285.6111
236.1841
165.2094
153.9841
175.5882
178.2537
155.7566
131.5111
126.3170
139.2082
165.0472
244.7755
352.1805
373.1642
319.9077
277.6049
229.5091
174.5217
164.9880
205.7451
264.5930
284.8015
251.2615
253.8179
279.0380
231.7198
150.3185
113.3202
123.9090
162.4681
206.6942
230.2131
236.1762
238.3941
241.1341
245.1125
249.6016
251.7986
242.4973
249.8012
331.0095
426.7261
428.5427
355.4643
334.2909
417.8169
471.5678
406.7066
313.2083
273.6134
270.0469
271.8405
276.2751
300.9509
336.9960
281.9359
188.8401
158.0958
158.0779
156.0506
152.3733
157.5556
172.5446
181.0170
177.1686
167.8425
156.1515
142.1064
139.9555
140.6151
131.8567
127.9102
134.4238
145.0222
191.7300
297.5845
405.4132
465.6649
481.0553
488.1482
525.7654
558.2499
572.6881
600.3930
599.9864
541.8702
499.2066
521.1098
579.1906
610.7126
569.3434
447.3973
296.1586
200.1373
177.2519
177.9597
212.2226
363.2109
579.7872
648.9467
505.9649
306.8975
201.8706
184.4399
180.6245
160.9634
135.2579
128.9168
139.8443
141.9856
135.4779
133.4860
139.9738
146.8350
156.3398
191.2016
237.8027
247.7082
217.0052
177.6113
142.4937
123.6267
115.6160
117.3923
148.4926
233.8246
334.8664
379.7949
396.8700
428.7155
435.0456
423.9394
456.6955
495.6628
490.7428
500.6018
518.9586
496.2292
488.9441
499.4413
469.9646
463.4146
447.1766
339.9538
214.0226
163.6496
161.5417
160.5014
205.6281
356.5019
511.7076
577.7933
573.7157
530.2204
491.1136
401.5635
241.4704
166.5571
173.4466
164.2513
167.9124
181.5495
191.4147
194.0214
194.0909
193.9718
193.7725
191.8333
187.1529
207.9556
304.1476
425.0682
448.4080
362.5489
277.4975
233.7826
239.9137
278.0841
316.5072
317.9617
263.6621
211.1963
215.1435
255.6180
296.5249
315.6280
318.8264
318.2481
316.9066
315.0084
312.5463
309.4491
304.3659
285.8363
242.3203
199.3373
184.5813
180.4004
182.6184
205.4009
242.4635
261.6607
258.2846
245.9267
233.8036
224.7908
233.7723
284.1057
373.9178
429.4006
397.2876
362.1954
349.3724
308.5895
228.4677
163.5910
144.4611
151.5660
166.9871
170.2771
154.7356
141.8255
138.3923
137.5299
137.2287
136.6686
133.7635
134.3511
155.0709
210.8397
291.3195
338.3833
310.2711
245.9683
203.7688
195.4459
211.6924
251.6123
299.2052
310.5448
273.1586
219.3557
183.4914
193.9687
240.9778
270.3030
252.1535
210.9020
185.0987
187.3584
211.4852
245.5597
270.6449
274.9607
278.9413
288.6794
284.4486
264.6508
256.9062
273.0436