24.5296
23.9439
22.4420
23.6371
24.9635
29.8727
32.2367
35.0778
36.7397
35.1977
32.7091
33.5329
35.1341
36.5551
40.8251
43.9359
43.8285
42.4285
39.9282
37.1803
29.9036
26.3591
23.6708
23.5254
28.5138
31.2512
38.5993
40.5035
37.7364
35.4123
32.8528
33.0886
36.4944
37.6959
39.1769
37.6154
34.3443
32.6528
31.3145
25.7907
24.3896
26.3014
28.3070
31.2857
32.9598
34.1040
34.8227
34.4976
35.6917
36.1790
34.8725
31.5808
31.0638
29.2811
30.4863
33.0535
30.9361
28.4716
25.8790
25.1266
22.9722
22.9687
26.5368
29.0913
32.0263
33.2132
34.9255
33.1309
24.6337
23.1908
20.5863
21.4396
27.5619
30.0719
29.6303
28.5638
25.8804
21.1583
20.4665
21.2537
22.3352
24.0752
24.6517
26.6301
29.1809
29.7730
29.4678
29.0473
27.2704
25.5267
26.6106
28.2376
29.0017
33.3925
32.2296
28.6485
28.5826
28.6012
30.6408
30.5886
30.4248
29.4253
24.2188
22.0292
25.1059
26.0941
27.5935
29.7341
30.4558
27.5352
25.0727
23.9897
22.9660
22.0620
20.8188
20.4424
17.2209
18.8619
20.1216
23.1814
25.2167
32.7593
34.9921
36.9704
37.0674
32.1931
27.3456
22.6711
21.9651
21.7356
23.2770
23.3162
22.5650
21.0166
21.1018
21.0776
22.8555
27.9372
36.7020
41.7108
41.1085
37.3491
30.2281
25.0043
18.8814
19.5223
29.2225
32.9493
35.1681
33.7181
27.2448
23.0340
17.9589
17.1117
19.2730
19.4985
17.5875
16.5383
15.6334
13.7744
14.0173
17.8952
20.0004
23.5328
25.5021
26.8489
25.0371
23.0116
21.3280
18.6434
19.6148
21.9063
22.5168
22.8444
22.5427
18.8501
18.3103
17.8226
17.3219
17.2515
16.3957
15.0023
13.8503
14.7134
18.9106
21.3915
25.4033
26.6424
25.0465
22.5734
19.4123
18.4122
17.9220
19.8685
22.8791
23.3228
24.9336
24.1907
20.4733
20.1767
18.0342
13.9430
13.0286
12.1524
13.2625
15.8579
18.0827
20.1677
20.2657
20.1306
19.2559
16.8112
16.8303
16.1459
16.6063
18.3081
19.3832
19.2591
19.6736
19.9015
19.5998
19.8202
17.8390
17.5982
16.5560
15.3150
18.0631
19.4528
21.5089
22.7429
24.1011
23.8520
26.4566
25.9445
24.6028
23.5308
21.5589
18.4792
15.3434
15.4815
15.0410
15.3596
17.7466
20.9372
21.7230
21.9990
21.7184
19.7319
19.2561
21.0220
21.5627
21.1779
19.8673
15.7043
14.2482
14.2585
15.4094
17.0455
17.3895
16.5265
14.9952
12.1476
11.6957
13.7332
17.6918
18.8794
19.8643
18.8114
14.8992
13.1149
12.8890
14.1670
19.7060
22.0492
22.8172
22.2307
19.9611
18.0263
17.9164
19.1851
19.7896
19.2270
17.9666
17.8020
17.0484
18.0523
18.9735
17.8084
17.0530
17.6604
17.6674
17.2516
18.5197
21.1091
20.7456
21.1061
22.2861
20.7975
21.0361
22.1934
23.0310
27.3021
28.7630
28.7474
28.4859
27.0716
24.4998
25.1813
25.4995
26.7412
25.7760
25.6695
27.5276
28.4070
27.9664
26.9901
24.1114
23.4435
28.7850
31.2694
40.4263
46.8151
51.9715
51.8512
51.8119
53.7558
61.0869
79.8561
92.0807
103.7812
100.0619
91.5272
80.7019
63.7389
60.5076
58.8002
58.0003
56.4144
56.4714
54.8582
56.8218
56.9793
57.9115
54.6158
56.8998
55.6318
51.5104
48.3206
41.8221
37.9556
38.8132
41.4380
46.5694
50.0146
60.9396
66.2392
67.3280
66.9335
64.6319
60.6047
54.1191
51.2572
47.9444
43.5224
36.4289
34.5981
34.2912
43.2854
49.9216
62.3430
66.9301
70.2062
69.2177
68.0089
70.3107
75.0583
75.8667
78.8296
81.1277
83.9753
85.8756
84.8971
82.5245
82.4392
80.9768
79.6405
82.2803
79.5042
75.9048
77.5807
80.0068
82.1719
83.3215
81.7028
78.2565
72.1291
66.9097
64.2102
57.3365
53.3430