1184.1854
1090.6328
1219.6910
1516.8193
1502.1943
1460.2422
1432.9992
1313.2186
1158.9017
811.4654
779.7942
744.9714
725.8339
758.2378
710.6469
608.2560
504.5385
553.3468
760.7546
1143.5122
1015.6738
1071.4749
1098.6860
1101.7011
1113.5022
1302.5553
2149.4965
3076.3236
2368.9420
1720.7752
1609.6392
1587.0703
1723.3556
2125.2755
2780.8609
3787.1160
5002.4128
5334.4187
3958.4792
3239.9177
2711.1788
2019.0231
1827.0436
1932.3335
2122.5130
2580.2069
4367.7969
6300.0875
6678.4396
6688.0174
4921.5830
3774.5983
3445.3778
2890.4562
2448.5297
2032.6399
1248.0808
1147.4580
1167.1597
1155.9640
1321.3719
1928.1988
1962.7326
1884.6628
2038.3835
2065.8700
2194.1431
2796.7123
3101.0247
2340.3019
1947.8550
1603.9595
1728.4095
1981.4719
1956.7139
2265.8253
3069.3535
3410.7142
3144.8497
3670.7260
2874.9642
2081.5689
1973.2684
2036.6609
2155.9524
2458.2281
3683.9333
3435.3448
3199.6497
4692.6007
5024.6316
5111.1163
5227.6771
5395.5378
5994.2160
8111.7590
8522.2056
4634.1917
3006.3024
2119.5139
1977.5648
2272.5495
2546.5241
2953.6118
3461.9208
3218.2181
2730.7896
2731.5132
3240.9760
3569.4024
4388.3337
5718.1753
7079.8132
8975.7924
12054.2486
10355.1951
6743.7590
5638.7288
4930.4187
4263.0917
4399.9299
4449.2594
4492.2014
5083.6094
5470.3535
4437.2219
3317.0410
2362.4068
2177.1606
2368.7009
2768.2884
2981.0438
2985.6132
2935.2278
2970.2212
3070.3253
3270.6878
3111.4785
2059.6054
3731.8976
4442.5740
4460.6260
4487.3250
4511.8826
4522.4618
4480.8375
4077.4951
3379.9236
3226.3510
3591.8073
5091.6285
5841.5125
5419.4767
4492.8934
2666.2911
2149.9563
2144.6861
2134.7760
2435.6158
3704.3472
5789.6187
6181.4576
6131.5417
6958.2847
7099.6583
6694.2410
4495.2781
2836.6962
2164.2582
1789.4354
1908.6085
2700.6476
3215.3326
1930.2514
1795.9799
1856.7441
2037.0727
2605.4861
3803.2476
5498.2566
3477.3333
2570.2172
2273.0182
2030.7649
2032.5990
2213.3259
2194.4229
2269.5868
2571.1252
2861.1630
2812.9302
2093.8252
1554.2863
1460.9271
1571.6078
1828.6477
2451.2398
3077.8458
3472.6365
4059.0337
4717.9479
5302.1264
5471.6892
4841.9635
4435.1125
3764.2969
3232.7156
3371.7656
3091.4354
2596.5795
2159.8163
1827.1755
1675.9602
1780.5562
1909.9443
1873.2646
1894.1769
1671.2318
1348.0869
1395.4571
1356.5770
1348.8811
1454.6967
1582.6967
1726.6597
2219.3380
3304.4413
3513.4806
2038.5224
1447.5810
1276.0064
1433.2382
2249.9851
3194.8663
2480.5649
1852.0769
1429.0807
1106.7324
946.1442
1071.8868
1455.8231
1671.6641
1726.6278
1655.5304
1567.8828
1635.6125
2291.8281
3694.2802
3489.5826
2619.4170
2252.5361
2177.1082
2226.9701
2590.9361
3889.6253
4652.4941
2395.9257
1526.0377
1509.5170
1513.6609
1532.2863
1554.8984
1729.4814
2510.6227
3896.9684
3582.1545
2803.5436
2034.3717
1875.6880
1945.8958
2099.0431
2806.7453
4908.8399
7007.0951
5783.8750
4360.4878
3563.8774
3332.4830
3709.4149
4384.7406
4621.9674
4249.6274
3948.9649
3375.4340
2907.8141
2811.3238
2993.7049
2683.5307
2004.3411
1605.0153
1720.5293
1983.2444
2269.4776
2655.0795
3017.6528
3739.3976
4182.9514
2984.6413
2356.4038
1908.7679
1547.2641
1505.6146
2040.4884
3008.3983
3910.9608
3927.9365
3158.8240
2706.2955
3078.4444
4370.3250
5517.6670
4692.8146
3066.1861
2366.7622
2119.2295
2102.3995
2189.7625
2709.4880
3717.5069
3522.1753
2571.1069
2254.7639
2331.0063
2899.1351
3063.0410
2819.5431
2349.1858
1967.4158
1714.2420
2083.0663
2582.1799
3125.4437
3761.8507
3674.1872
2138.6035
1598.2910
1418.4630
1393.5252
1485.7557
1690.3236
1976.0174
2451.6085
3704.6181
5143.0285
3764.5333
2653.8599
2140.5172
1910.0080
1756.7516
1698.9958
1643.8090
1767.6970
1878.8762
1894.6231
2005.5472
2144.1082
1994.4038
1988.2622
1771.1674
1423.5306
1303.4109
1255.9133
1212.7459
1417.2934
2001.7995
3106.7045
4819.0691
5405.4639
4164.8288
3101.4184
1850.3863
1390.3280
1269.9694
1195.8044
1083.3510
1101.7444
1212.8734
1461.2161
1659.6014
1715.0771
1661.0372
1479.4160
1223.6504
1089.7522
1143.3461
1405.2625
1990.8108
2745.2075
2734.8628
1875.9271
1251.0595
1074.2283
993.0547
999.4490
1023.9545
1077.2685
1338.5523
2286.8991
3680.0785
1940.8259