0.7980
0.7967
0.7936
0.7918
0.7971
0.8048
0.8034
0.7917
0.7776
0.7682
0.7657
0.7610
0.7514
0.7470
0.7602
0.7781
0.7870
0.7909
0.7938
0.7967
0.8028
0.8127
0.8127
0.8014
0.7965
0.7976
0.7982
0.7952
0.7921
0.7938
0.8022
0.8120
0.8237
0.8417
0.8716
0.9293
1.0004
1.0435
1.0695
1.0348
0.9632
0.8860
0.8460
0.8387
0.8444
0.8486
0.8579
0.8549
0.8339
0.8077
0.8036
0.8009
0.8063
0.8213
0.8288
0.8094
0.8176
0.8449
0.8232
0.8120
0.8062
0.8046
0.8509
0.8315
0.8018
0.7932
0.7872
0.7839
0.7848
0.7849
0.7801
0.7705
0.7596
0.7526
0.7519
0.7555
0.7626
0.7705
0.7751
0.7771
0.7815
0.7883
0.7942
0.7978
0.7998
0.7998
0.7962
0.7917
0.7911
0.7938
0.7976
0.7979
0.7960
0.7976
0.8041
0.8105
0.8121
0.8108
0.8105
0.8116
0.8128
0.8135
0.8111
0.8072
0.8021
0.7962
0.7916
0.7882
0.7873
0.7894
0.7929
0.7963
0.7981
0.8001
0.8042
0.8040
0.7937
0.7890
0.7866
0.7853
0.7851
0.7855
0.7850
0.7834
0.7831
0.7872
0.7950
0.8011
0.8019
0.8022
0.8050
0.8053
0.8038
0.8040
0.8059
0.8085
0.8077
0.8043
0.8008
0.7957
0.7898
0.7843
0.7832
0.7865
0.7920
0.7938
0.7957
0.7957
0.7941
0.7927
0.7950
0.7976
0.7988
0.7945
0.7910
0.7963
0.8109
0.8263
0.8291
0.8243
0.8192
0.8162
0.8146
0.8142
0.8146
0.8141
0.8133
0.8144
0.8134
0.8139
0.8097
0.8003
0.7896
0.7801
0.7720
0.7653
0.7620
0.7630
0.7672
0.7723
0.7758
0.7796
0.7834
0.7866
0.7898
0.7880
0.7842
0.7790
0.7964
0.8211
0.8272
0.8126
0.7908
0.7873
0.8057
0.8251
0.8318
0.8301
0.8262
0.8236
0.8221
0.8179
0.8130
0.8088
0.8052
0.8016
0.7971
0.7904
0.7825
0.7757
0.7722
0.7735
0.7766
0.7782
0.7859
0.8006
0.7958
0.7920
0.7991
0.8023
0.7989
0.7950
0.7962
0.8004
0.8037
0.8081
0.8121
0.8123
0.8112
0.8121
0.8130
0.8126
0.8148
0.8219
0.8285
0.8210
0.8076
0.7990
0.7960
0.7951
0.7902
0.7796
0.7685
0.7597
0.7546
0.7550
0.7666
0.7950
0.8121
0.8116
0.8099
0.8075
0.8042
0.7991
0.7961
0.7963
0.8009
0.8051
0.8051
0.8056
0.8084
0.8115
0.8148
0.8170
0.8210
0.8333
0.8242
0.8012
0.8012
0.8016
0.8027
0.7997
0.7934
0.7909
0.7916
0.7900
0.7862
0.7840
0.7827
0.7821
0.7843
0.7891
0.7947
0.7981
0.7931
0.7850
0.7826
0.7853
0.7892
0.7895
0.7863
0.7853
0.7840
0.7843
0.7869
0.7925
0.7959
0.7958
0.7954
0.7927
0.7908
0.7897
0.7897
0.7910
0.7913
0.7923
0.7979
0.8050
0.8050
0.8017
0.8019
0.8024
0.7984
0.7875
0.7782
0.7797
0.7822
0.7614
0.7558
0.7727
0.7850
0.7797
0.7866
0.7953
0.7961
0.7896
0.7818
0.7777
0.7774
0.7755
0.7681
0.7571
0.7467
0.7387
0.7346
0.7348
0.7377
0.7440
0.7533
0.7670
0.7856
0.8029
0.8063
0.7899
0.7696
0.7538
0.7468
0.7481
0.7473
0.7487
0.7502
0.7504
0.7486
0.7559
0.7879
0.7917
0.7759
0.7555
0.7343
0.6912
0.6808
0.6366
0.6115
0.6191
0.6329
0.6485
0.6533
0.6578
0.6555
0.6530
0.6525
0.6469
0.6414
0.6404
0.6373
0.6294
0.6205
0.6064
0.6343
0.6826
0.7415
0.7896
0.7567
0.7083
0.7221
0.7291
0.7142
0.6979
0.6850
0.6750
0.6824
0.6895
0.6950
0.7050
0.7209
0.7378
0.7541
0.7722
0.7928
0.8030