0.0364
0.0343
0.0320
0.0291
0.0262
0.0236
0.0216
0.0200
0.0190
0.0189
0.0213
0.0279
0.0405
0.0582
0.0766
0.0929
0.1036
0.1066
0.1055
0.1041
0.1001
0.0906
0.0779
0.0669
0.0608
0.0615
0.0701
0.0833
0.0950
0.1002
0.1005
0.0988
0.0968
0.0951
0.0984
0.1208
0.1720
0.2185
0.2136
0.1795
0.1332
0.0950
0.0784
0.0842
0.1037
0.1268
0.1326
0.1079
0.0713
0.0450
0.0353
0.0418
0.0688
0.1232
0.1829
0.1962
0.1733
0.1386
0.1060
0.0820
0.0789
0.0842
0.0909
0.0806
0.0433
0.0304
0.0337
0.0381
0.0425
0.0473
0.0522
0.0567
0.0611
0.0664
0.0721
0.0760
0.0784
0.0822
0.0899
0.0997
0.1070
0.1080
0.1019
0.0919
0.0821
0.0749
0.0703
0.0679
0.0676
0.0688
0.0708
0.0751
0.0828
0.0913
0.0962
0.0965
0.0963
0.0975
0.1000
0.1002
0.0965
0.0901
0.0825
0.0755
0.0703
0.0668
0.0649
0.0645
0.0655
0.0672
0.0725
0.0843
0.1007
0.1148
0.1201
0.1109
0.0850
0.0766
0.0786
0.0808
0.0814
0.0805
0.0790
0.0782
0.0796
0.0836
0.0886
0.0922
0.0926
0.0893
0.0870
0.0875
0.0880
0.0862
0.0835
0.0826
0.0826
0.0807
0.0784
0.0809
0.0865
0.0950
0.1031
0.1080
0.1093
0.1052
0.0981
0.0907
0.0838
0.0783
0.0753
0.0770
0.0819
0.0875
0.0925
0.0963
0.0978
0.0967
0.0939
0.0916
0.0915
0.0925
0.0921
0.0894
0.0868
0.0874
0.0919
0.0962
0.0961
0.0924
0.0897
0.0929
0.1033
0.1183
0.1291
0.1358
0.1445
0.1478
0.1475
0.1472
0.1462
0.1448
0.1434
0.1437
0.1446
0.1492
0.1536
0.1571
0.1559
0.1454
0.1296
0.1172
0.1114
0.1118
0.1068
0.0876
0.0643
0.0566
0.0605
0.0686
0.0786
0.0858
0.0882
0.0872
0.0853
0.0838
0.0829
0.0823
0.0815
0.0811
0.0826
0.0868
0.0952
0.1115
0.1358
0.1619
0.1763
0.1612
0.1262
0.1016
0.0973
0.1014
0.1026
0.0986
0.0938
0.0929
0.0963
0.0998
0.0995
0.0974
0.1018
0.1207
0.1512
0.1756
0.1746
0.1486
0.1196
0.1087
0.1130
0.1158
0.1120
0.1076
0.1080
0.1126
0.1179
0.1201
0.1161
0.1081
0.1034
0.1060
0.1114
0.1142
0.1141
0.1124
0.1091
0.1044
0.1003
0.0982
0.0982
0.0994
0.1003
0.0992
0.0959
0.0938
0.0993
0.1201
0.1524
0.1752
0.1689
0.1394
0.1072
0.0857
0.0769
0.0782
0.0851
0.0942
0.1025
0.1090
0.1128
0.1138
0.1106
0.1042
0.0971
0.0913
0.1000
0.1130
0.1181
0.1189
0.1184
0.1179
0.1186
0.1241
0.1316
0.1343
0.1284
0.1166
0.1057
0.1014
0.1035
0.1079
0.1148
0.1236
0.1327
0.1405
0.1461
0.1488
0.1459
0.1377
0.1273
0.1183
0.1146
0.1146
0.1126
0.1108
0.1102
0.1040
0.0895
0.0831
0.1104
0.1425
0.1832
0.1902
0.1534
0.1225
0.1139
0.1124
0.1028
0.0923
0.0884
0.0931
0.1050
0.1201
0.1345
0.1465
0.1573
0.1663
0.1704
0.1695
0.1602
0.1445
0.1278
0.1123
0.1071
0.1136
0.1263
0.1406
0.1544
0.1676
0.1803
0.1908
0.1931
0.1887
0.1781
0.1619
0.1563
0.2180
0.2066
0.2423
0.2286
0.3152
0.4059
0.4041
0.4024
0.4007
0.3948
0.3845
0.3742
0.3640
0.3504
0.3364
0.3225
0.3097
0.2995
0.2893
0.2790
0.2720
0.2898
0.2826
0.2686
0.2533
0.2339
0.2299
0.2754
0.3370
0.3484
0.3358
0.3169
0.2659
0.1968
0.1874
0.2091
0.2307
0.2476
0.2639
0.2714
0.2732
0.2777
0.2832
0.2992
0.3173