3285.8964
3286.0488
3286.2012
3286.3536
3286.5060
3286.6584
3286.8108
3286.9632
3287.1156
3287.2680
3287.4204
3287.5728
3287.7252
3287.8776
3288.0300
3288.1824
3288.3348
3288.4872
3288.6396
3288.7920
3288.9444
3289.0968
3289.2492
3289.4016
3289.5540
3289.7064
3289.8588
3290.0112
3290.1636
3290.3160
3290.4684
3290.6208
3290.7732
3290.9256
3291.0780
3291.2304
3291.3828
3291.5352
3291.6876
3291.8400
3291.9924
3292.1448
3292.2972
3292.4496
3292.6020
3292.7544
3292.9068
3293.0592
3293.2116
3293.3640
3293.5164
3293.6688
3293.8212
3293.9736
3294.1260
3294.2784
3294.4308
3294.5832
3294.7356
3294.8880
3295.0404
3295.1928
3295.3452
3295.4976
3295.6500
3295.8024
3295.9548
3296.1072
3296.2596
3296.4120
3296.5644
3296.7168
3296.8692
3297.0216
3297.1740
3297.3264
3297.4788
3297.6312
3297.7836
3297.9360
3298.0884
3298.2408
3298.3932
3298.5456
3298.6980
3298.8504
3299.0028
3299.1552
3299.3076
3299.4600
3299.6124
3299.7648
3299.9172
3300.0696
3300.2220
3300.3744
3300.5268
3300.6792
3300.8316
3300.9840
3301.1364
3301.2888
3301.4412
3301.5936
3301.7460
3301.8984
3302.0508
3302.2032
3302.3556
3302.5080
3302.6604
3302.8128
3302.9652
3303.1176
3303.2700
3303.4224
3303.5748
3303.7272
3303.8796
3304.0320
3304.1844
3304.3368
3304.4892
3304.6416
3304.7940
3304.9464
3305.0988
3305.2512
3305.4036
3305.5560
3305.7084
3305.8608
3306.0132
3306.1656
3306.3180
3306.4704
3306.6228
3306.7752
3306.9276
3307.0800
3307.2324
3307.3848
3307.5372
3307.6896
3307.8420
3307.9944
3308.1468
3308.2992
3308.4516
3308.6040
3308.7564
3308.9088
3309.0612
3309.2136
3309.3660
3309.5184
3309.6708
3309.8232
3309.9756
3310.1280
3310.2804
3310.4328
3310.5852
3310.7376
3310.8900
3311.0424
3311.1948
3311.3472
3311.4996
3311.6520
3311.8044
3311.9568
3312.1092
3312.2616
3312.4140
3312.5664
3312.7188
3312.8712
3313.0236
3313.1760
3313.3284
3313.4808
3313.6332
3313.7856
3313.9380
3314.0904
3314.2428
3314.3952
3314.5476
3314.7000
3314.8524
3315.0048
3315.1572
3315.3096
3315.4620
3315.6144
3315.7668
3315.9192
3316.0716
3316.2240
3316.3764
3316.5288
3316.6812
3316.8336
3316.9860
3317.1384
3317.2908
3317.4432
3317.5956
3317.7480
3317.9004
3318.0528
3318.2052
3318.3576
3318.5100
3318.6624
3318.8148
3318.9672
3319.1196
3319.2720
3319.4244
3319.5768
3319.7292
3319.8816
3320.0340
3320.1864
3320.3388
3320.4912
3320.6436
3320.7960
3320.9484
3321.1008
3321.2532
3321.4056
3321.5580
3321.7104
3321.8628
3322.0152
3322.1676
3322.3200
3322.4724
3322.6248
3322.7772
3322.9296
3323.0820
3323.2344
3323.3868
3323.5392
3323.6916
3323.8440
3323.9964
3324.1488
3324.3012
3324.4536
3324.6060
3324.7584
3324.9108
3325.0632
3325.2156
3325.3680
3325.5204
3325.6728
3325.8252
3325.9776
3326.1300
3326.2824
3326.4348
3326.5872
3326.7396
3326.8920
3327.0444
3327.1968
3327.3492
3327.5016
3327.6540
3327.8064
3327.9588
3328.1112
3328.2636
3328.4160
3328.5684
3328.7208
3328.8732
3329.0256
3329.1780
3329.3304
3329.4828
3329.6352
3329.7876
3329.9400
3330.0924
3330.2448
3330.3972
3330.5496
3330.7020
3330.8544
3331.0068
3331.1592
3331.3116
3331.4640
3331.6164
3331.7688
3331.9212
3332.0736
3332.2260
3332.3784
3332.5308
3332.6832
3332.8356
3332.9880
3333.1404
3333.2928
3333.4452
3333.5976
3333.7500
3333.9024
3334.0548
3334.2072
3334.3596
3334.5120
3334.6644
3334.8168
3334.9692
3335.1216
3335.2740
3335.4264
3335.5788
3335.7312
3335.8836
3336.0360
3336.1884
3336.3408
3336.4932
3336.6456
3336.7980
3336.9504
3337.1028
3337.2552
3337.4076
3337.5600
3337.7124
3337.8648
3338.0172
3338.1696
3338.3220
3338.4744
3338.6268
3338.7792
3338.9316
3339.0840
3339.2364
3339.3888
3339.5412
3339.6936
3339.8460
3339.9984
3340.1508
3340.3032
3340.4556
3340.6080
3340.7604
3340.9128
3341.0652
3341.2176
3341.3700
3341.5224
3341.6748
3341.8272
3341.9796
3342.1320
3342.2844
3342.4368
3342.5892
3342.7416
3342.8940
3343.0464
3343.1988
3343.3512
3343.5036
3343.6560
3343.8084
3343.9608
3344.1132
3344.2656
3344.4180
3344.5704
3344.7228
3344.8752
3345.0276
3345.1800
3345.3324
3345.4848
3345.6372
3345.7896
3345.9420
3346.0944
3346.2468
3346.3992
3346.5516
3346.7040