79.15878613087952
55.42356120425255
38.56959773662078
19.771448960179878
111.21964018129775
53.048315831790546
35.383281573248595
66.13710844114652
86.67513626345784
96.17260845053094
96.23160259125063
61.20439945658076
455.6305269236139
53.86146073076985
79.82542746353384
86.78607787391199
88.8598353572111
92.69990263110942
91.30054569038039
90.59682384639125
88.007070836005
87.03800407683222
87.18279519652162
85.3628258597917
85.37515752401858
87.26899140996764
89.2622651670489
89.63065192321831
94.67612243358356
96.76895509309804
96.77253854061809
96.6632646482003
95.87708613112909
92.36886277458723
83.70714372754598
70.40205178504657
66.17483866595178
66.62010764152062
81.42533247028021
93.88288727287969
96.13939144978134
94.39837629987875
85.12090259203809
63.03357908553417
81.14832178356151
90.96100501686595
93.56008012517908
94.41348149959768
94.73124388792918
94.46248767401751
94.13386976258955
93.95912716724202
92.59269910915869
93.02411310213085
94.82264514365082
95.6274626186633
95.70769205991299
93.68437040503558
86.58636276254055
71.15817886279962
59.87394196012041
81.2745414802622
92.49923550202932
93.35674988449382
89.15410197395961
77.2091606112238
58.566273925842324
80.04114527522124
89.85704830219609
90.76764111432787
83.35686886148153
103.20897913447185
73.19962924652178
72.81642284243915
95.05096599807561
96.0427968988141
92.46589836764873
88.88740524873522
85.75601447683248
78.65962859086518
82.91875078894104
90.00118182693873
92.51536112860553
94.66905556178955
96.71821125989985
96.25632420526325
89.87050482310923
164.69941483991755
1153.829346021519
83.76298097924206
95.62271671004811
98.30604943110889
98.52306766788841
97.18408531855478
95.92594596708498
96.03838930643869
97.31411662924918
96.90978377843122
96.86507458635357
96.74601075697954
92.52159141714937
82.5341167982257
37.878258230918746
61.98426254323981
47.1048522800102
49.2667528691224
77.45969787878502
93.85239217047567
95.45573012208101
93.06160990354093
91.07908286800685
93.86705269315351
94.57332118511333
92.85867115891381
89.51658376240447
86.77145656796662
85.9766634969981
85.1051979976228
85.75677185058707
87.54901928659646
91.81300085603907
93.70556791438241
95.29760727731039
97.67113390521057
98.21357198607636
97.40071392392619
95.28659976954917
94.6049212051615
93.45337128098615
91.04413814884201
92.62667159419931
96.20075212360052
97.1083717245405
95.56348135255224
90.22076972000124
80.87039599874663
60.88316323072955
77.76736111262122
90.21536567058769
94.90207076039977
96.42543654922436
95.43120924595343
91.70747363054386
86.59190983106572
79.04136171898502
74.08770987815782
80.37386289724721
84.6504850112818
88.65104835018148
91.58719948148487
93.94760651160968
96.09915924865501
96.74839842896199
95.61184735004515
93.75958455208819
94.83594753429708
95.67299979178424
94.74206585785718
93.80586893697237
94.47706908679767
95.55369303396348
95.85976636240459
94.56879696904566
91.41056339846875
85.4652569607672
84.6605078489814
87.05304523188897
88.88709884801746
91.58399360794907
92.52963439086322
90.44701427817157
86.31399328602033
87.36520912842659
89.75798396533528
92.36925597763832
94.35914031476965
95.265096217495
95.26312937733206
93.75760965883588
90.73851636904276
88.73779670337913
89.08979720600996
90.6990463783274
92.45010762077779
94.2301140611666
95.22193345222287
94.49479518334655
94.59642651275591
96.01309685654279
97.70216319153981
97.35137283155562
97.22243120538307
96.76961541670984
96.91735351178056
97.18255725785319
96.02225134590643
92.66855887755078
88.65243823701887
86.53088748169604
87.46100299401057
86.55225408189027
77.78541580777988
162.78640399391074
44.63769193699439
182.44847545982896
84.27572038033837
92.11678306974672
93.01848416183705
92.14119439394275
90.26978427331332
86.70539422755162
82.10123538496784
80.31989042436123
84.14715015383761
90.20231889277412
93.42466545721841
91.00918205546606
472.14705858861817
86.80557289963751
85.96650883921593
96.57639766041444
98.58965806703773
91.77250903900354
92.59916001055296
94.82089798289668
96.1533319333372
96.66863377483023
96.92853924451411
97.19005383932736
97.49625203256971
97.38980542981565
96.6405554181619
94.52973573700514
91.88051922701875
92.03170809872981
92.89780342463409
93.9712602128538
95.80225572634994
96.56936854357969
96.09096780880458
93.73801513518785
86.45275975674569
77.02863079014628
78.97041094021611
85.45744204039907
89.03776598143006
89.51550907856385
89.4282387037079
87.99571652826056
79.14941906580113
24.830581192323077
414.4702851666311
1185.5704481239768
62.182062043953835
85.9711610679336
93.42163769466482
94.17038457991438
88.44455065256668
70.90392157413706
73.57748647196975
67.58480545167787
45.20649978121886
41.410005662736324
75.49187412260594
88.30954736097499
93.75000270883605
93.62930925610374
92.63280041999619
93.30232488664444
93.60158971899895
94.89721257823604
95.64480187306197
96.54733183139722
96.8328805836791
96.46833908869266
95.45505595994238
91.62924546466768
84.35109635047982
93.27569465896083
98.14926296312383
98.25739225943002
97.59048716139125
96.90397524422355
94.54078666191603
91.38791475465682
84.67424471846843
81.02529447222896
82.95107468005617
89.11589143444056
94.91686420850823
96.94123501275095
97.21729722451504
96.40811158230721
94.60152965934354
93.20712024378861
92.42855331299032
86.91558871372372
78.52572202416215
81.15342225255883
82.79294378500617
85.80425328213653
88.15676987021047
88.96282957384526
89.95125561581078
90.60007461657239
91.41299980313381
91.72750752292302
90.9360708496949
88.64552180874861
87.486962023194
90.24061646414103
95.30344318162135
97.36135092651863
96.80952348742257
96.20336188893742
95.7809132708068
96.086464311623
97.65468793877395
96.97753826406756
97.11404377553748
96.89896615087905
95.90840167482922
95.43750992702564
95.91206352342884
96.45428355838708
96.70612811343992
96.7490908067854
96.95388775033342
96.63043474744953
96.49715478573636
96.5727154045019
96.1808270659522
96.16959426051872
96.32923790329411
96.17499942695147
95.68723217899498
94.74299360719297
93.8504658130875
93.02820192341107
96.55519090413927
97.44967866141991
96.97432731294232
96.55376032349295
95.8692843973498
92.223071312091
95.29379002845249
94.03046256303294
94.4826693020719
96.00311601660155
96.52446891162865
96.1176021909965
93.12214402338842
90.85454158438601
97.70380186519427
96.94246281825798
96.19596938857498
94.87088166588018
95.26032968492625
92.56664682133842
90.60020995953647
92.86895939558113
94.20182276307004
94.94882414071111
95.57956421546524
94.10933250125541
92.94718066316409
90.87315021639337
90.24968087434247
90.69205759092867
92.02534423785545
93.65126633537812
94.18594667151756
91.93483928489118
76.88568821107508
695.170770305083
354.3634412692213
79.40249418552088
94.11853396994657
95.42716858753984
95.80278488705605
95.67836832141103
95.97063391453804
95.87251114678355
95.63513440013834
94.77414143545819
88.7518210253048
1151.9234490544122
51.319449206446876
93.1882748277324
92.73527424737874
93.29451878593854
93.26952257509676
93.01047365844701
94.74335302823246
96.23077291732733
97.19067901019164
96.92510066556153
95.75783151051878
90.8989617392463
73.41470868836322