21.741304213700044
42.52391667139726
52.99121646124071
100.1192298433446
192.27175991955409
76.54763133195611
273.40193410560204
70.52499132263645
28.186150886226304
8.269948260509604
8.313616027735756
87.38724540645401
1279.8137967116138
108.746230130612
48.267503396915
31.723217832828777
26.715819258598135
17.391036562102766
21.166955461090616
23.657432078511974
31.167092389169394
35.906906322489846
37.844053268340666
46.03070712981837
46.697560771083
36.74394417935382
27.24968657232169
21.204342098299364
17.651204270024817
16.940740017051283
15.820761104434888
15.143086026660447
14.87206771203059
20.409926746462734
34.52656646265158
47.037947241650436
54.0882257066938
64.71045960550228
43.38851015866989
20.03367875779907
14.33914948939314
18.028164887243648
40.7591150008901
97.29824446275899
53.86537145978507
32.63641222198338
28.380855686733216
28.05775844901316
24.467666077699544
19.13320705122238
17.494219971475363
22.38761969914909
32.721922053212005
29.534516924085246
17.442482624266134
12.653633457401655
12.040378756585687
14.25093397770545
20.550108070542244
37.067508525529945
62.2804572048579
39.99096931130248
17.75736237784727
12.837881550712224
15.547009141835483
30.70502673904691
64.0861656247908
35.00775135184303
18.711382574702636
17.213234594955846
31.167092389169394
382.09404667552656
50.5241929463109
51.32177816616014
9.359796218697479
7.500838906266876
14.321423110903869
21.204342098299364
27.310264079294026
41.15383924394603
33.33267425419546
19.933353944087916
15.143086026660447
14.555178887590303
16.629138597806577
26.542275786076686
80.17794252616757
1498.0562797087493
4286.702105160819
52.99121646124071
14.85306331871408
5.977800796016069
6.072751408710165
12.313144495726123
16.10386374455003
12.460778966535244
7.844981866956398
9.197438352201168
12.447218219957746
16.98967006385195
36.63728452802901
64.3968685578907
167.9232059499984
372.9645529149835
111.35021020712317
268.55387549149305
41.69162473790104
16.148278047065634
15.064695439479648
21.129694450839818
22.89691656141588
17.138091942671064
16.940740017051283
21.018658980896177
27.804294763426924
34.05785074944047
36.42572875323945
38.41799896190949
35.501901350906586
32.38242348255491
25.072193658431708
21.355157503467268
18.028164887243648
16.26034335630395
17.94610032870224
19.47758125746404
19.50947527727076
18.652567769759
22.222629386123316
27.617047896626286
25.280083172202204
21.859759101174845
20.585440968802324
22.100402292776163
28.250768511295497
49.94137022201213
116.93176457019631
69.7898097522041
27.129297881004728
14.33914948939314
11.343723404808108
11.989726805749529
15.22225895535587
22.940357345095407
40.88988411349462
51.32177816616014
33.96556202799997
22.429233185024657
15.92851466640823
13.012558091616915
11.099230217832496
10.609225814973984
12.723897384855562
18.194461299775647
22.18174392206599
15.92851466640823
11.034287557971252
10.19581783305342
11.355081064742246
12.625734874642564
13.071795668204008
13.101607877058827
15.162805465803137
24.22392051420185
45.06385161792723
39.49405355900232
21.624068588472888
13.9923983081762
11.586879872364793
13.485511467979297
21.939415667708342
35.00775135184303
33.155965509365494
27.129297881004728
20.444800644560903
15.362729049513367
13.131550140114046
13.252636627016708
16.81958392869741
25.70588686009236
41.42106604718581
51.72964643762719
44.287290551605544
29.81907759065317
21.431335447704285
22.18174392206599
28.845302375939692
24.418543253063472
13.874789734320288
6.985763977566628
7.947261440087892
8.389507665700707
9.916385854171233
10.308058509310449
10.549632603694498
12.460778966535244
15.382998386268788
19.933353944087916
23.657432078511974
21.741304213700044
22.767531405958753
38.88925094941599
503.80437064017786
111.35021020712317
556.0111218816918
29.32447637546051
13.677507505460342
11.023534247825767
12.220922104560985
15.202391749218002
19.47758125746404
25.438171739999095
29.394172301954907
25.544616422412542
20.87233318388097
21.741304213700044
40.49995759558611
2960.319777078674
70.52499132263645
76.11581766875078
20.00013024427981
8.748036503913854
52.35317871050366
49.371247797320834
34.52656646265158
23.159942162402142
18.478222295798215
17.784092563485665
18.083273639593017
16.98967006385195
16.512187428185207
16.700071131328347
18.000730567288322
18.055679129955507
15.693279977627007
14.043386354368279
14.215937222804733
16.940740017051283
22.100402292776163
28.186150886226304
35.20382689651656
46.19570990677042
51.52494193728636
43.09660980706503
29.186026728883522
19.605758222000006
15.756774448644132
15.143086026660447
18.652567769759
32.894230941668006
113.15327782538415
763.0510086128736
1999.4014374310889
61.69996577528932
24.369608339604003
13.975480739916971
15.403318832567479
31.804213459782265
70.1555623220095
52.14374712451307
51.32177816616014
75.26599570552433
75.26599570552433
31.967394561311842
19.288288237274855
16.237811712305817
23.703671137063065
31.089162297240033
29.534516924085246
30.47886576401015
24.666057950819578
20.514890754657692
17.52019863874896
17.442482624266134
19.257080387763736
25.280083172202204
48.267503396915
86.2826871495025
36.53121431792762
10.27038387411473
9.099599635332734
12.406704491151222
15.382998386268788
20.62089001026443
20.479788463898174
27.867249949556737
34.05785074944047
30.404183920396527
24.867543233921896
20.134971844023358
17.391036562102766
17.86474589860815
22.89691656141588
31.804213459782265
37.067508525529945
33.78240954269344
35.10552781872438
39.7410289475367
36.320823089624675
31.403135698206952
26.48490528129084
23.89036515272363
23.474185177458697
21.663012802224443
20.271559484436988
18.50706347829426
17.810899660443614
19.31959276922146
23.61136489123068
28.912838270853563
32.98103638998542
22.18174392206599
13.146570303946095
12.85226672609895
11.706197067667906
10.959432182364589
10.43234339279206
7.246601494265733
10.629233242455188
10.19581783305342
9.084723642673891
9.601451011402178
10.906554957113967
11.610557180757398
11.682146420227365
11.551536240984703
11.516397831509767
10.771327064923463
11.864859254236656
12.260284014527679
11.902058024316235
13.131550140114046
12.953830837224578
11.658189917891924
10.298615142903389
9.552172623263372
10.78161543903352
12.326427651422598
14.14643364641812
7.861853552464437
6.8706651486669355
8.796662255662952
9.890118564590527
11.28725886783807
20.203045330166425
11.754582990684922
15.50569440639883
17.416723334070586
16.60562206655446
16.582168935288177
17.138091942671064
27.679195447283785
35.501901350906586
7.873139871074137
7.761649861967596
6.91450275371381
8.232865807817404
7.981922368495303
13.791932687926808
17.784092563485665
12.260284014527679
9.136993818866484
7.767152709421654
6.754912126705421
8.98187773805579
10.709988275758791
13.564880886232965
14.555178887590303
16.03767785025397
18.68193099171284
20.550108070542244
21.859759101174845
27.804294763426924
63.17099806151962
1800.3445507061977
986.7051906925077
48.44817613145731
16.442767528492148
15.202391749218002
14.482482352782883
13.116562699526959
9.82071754897123
8.415099509004577
9.407193259746634
13.9923983081762
33.78240954269344
3507.5201868329923
114.07586078537747
14.009355010719661
15.12341548277683
15.756774448644132
18.36371055568039
21.018658980896177
16.05968203973949
11.682146420227365
9.011034731538809
9.718342342466133
12.474367942102829
25.979032028818857
80.6549353164873