9.5458
6.5366
6.1863
5.0261
3.6083
5.6159
2.9271
5.5058
7.9528
12.474
12.3138
3.6883
0.9654
3.4149
4.9106
5.5452
5.5045
7.094
7.7024
9.0761
7.4518
7.1822
7.064
6.4176
6.4352
8.086
12.3567
16.3521
15.7669
13.5227
13.4486
13.6803
14.4517
13.6496
11.8845
11.8339
12.6644
11.7881
12.2171
16.4051
17.792
13.6303
8.5357
5.6767
7.9349
11.1094
15.3529
18.821
20.8613
23.2519
20.9475
16.3776
12.7808
12.2472
14.6179
15.1526
12.3289
10.8812
9.0862
6.7609
5.6678
8.5943
12.7363
14.7906
13.956
10.0874
7.2874
11.2985
16.2302
14.6785
9.9093
2.556
7.268
7.7149
18.0747
22.1839
18.7222
15.9605
13.7602
12.1995
12.02
13.0763
14.5562
15.0677
14.5904
12.4722
8.7959
1.8877
1.1244
12.1518
23.5245
37.4486
37.5647
26.7146
24.5173
32.2519
42.0653
28.794
19.7312
13.9693
9.1468
7.4336
4.8376
3.5375
6.9146
4.2484
10.0438
16.2477
18.4372
16.4441
17.4675
23.218
26.2598
27.2164
28.0114
22.7603
18.0295
16.1224
15.5931
15.2376
17.6071
19.0584
20.4452
22.7481
22.6363
19.4025
16.5333
14.2996
12.8001
12.1608
13.7423
15.2866
15.7443
15.0153
13.2793
10.1276
6.7392
8.5533
11.4459
21.6095
25.8054
25.1558
22.3506
18.2899
13.7222
12.1919
14.373
16.028
18.3924
21.8582
28.549
30.7544
27.0369
20.7154
14.259
15.1813
18.159
18.9003
19.0967
22.248
27.4872
28.607
26.5902
22.2702
16.5487
17.169
19.1208
18.6984
17.7515
14.8286
12.1411
11.5919
12.9443
10.8887
11.9188
14.0216
16.0085
18.2628
19.8758
19.1698
12.0124
9.1912
9.3493
10.8534
12.8738
13.089
11.2786
12.4052
17.4245
25.9866
24.1932
20.0326
15.9155
15.4294
15.8368
15.7494
16.6519
16.5366
16.396
18.8212
20.0374
16.2828
4.6095
9.2843
3.9804
15.7096
21.5343
24.4223
22.1138
18.2069
14.486
11.5218
10.2574
11.4129
12.9671
12.5961
9.2103
1.0028
5.7979
5.68
10.9393
16.6359
7.0565
7.5195
9.4077
13.2993
18.205
18.3436
13.9847
12.2823
11.7204
12.446
15.3154
17.3411
16.2156
14.9108
13.0334
10.3437
8.427
8.0337
8.4112
7.7881
7.5342
8.0449
9.5084
11.9802
16.3319
20.8935
18.1628
11.9421
5.9281
2.241
1.3971
8.7208
17.2522
24.0995
16.7885
9.0219
6.0018
6.979
7.0517
5.8907
6.278
11.8317
18.6365
19.389
14.37
10.69
10.5229
10.5727
12.1922
15.5382
22.0821
26.9139
23.5463
17.7261
11.5907
8.4798
13.9128
28.2494
30.7115
25.0556
21.5782
17.1072
15.7729
13.3072
12.4104
12.4842
11.9411
11.7031
12.9307
13.7531
13.0409
11.986
11.7266
13.5578
14.155
11.1087
10.2752
9.8571
9.6948
10.1314
11.9011
15.1764
17.99
18.7339
17.0346
15.1779
14.7364
15.8379
16.9166
18.9916
19.6376
17.4128
17.3226
17.9019
18.7264
24.9871
24.1911
24.1013
21.7588
19.8508
18.9252
20.4974
21.3226
20.7566
18.8245
17.7332
16.0708
17.6151
19.6445
20.3729
22.409
23.219
18.6971
17.1742
15.3542
14.37
13.8558
19.8081
22.9949
22.9376
27.1419
29.1609
18.2559
20.3313
15.9724
14.2924
14.0867
13.7809
13.3479
10.8288
9.7964
20.7872
21.4049
23.478
20.7946
21.1626
15.3075
12.1322
13.9541
15.9343
17.107
20.0687
20.9638
24.1631
26.4981
26.3247
21.9425
17.3871
12.7895
10.9285
9.3283
6.0089
1.077
1.4732
6.9919
13.2688
14.6794
15.2402
15.7946
17.3691
17.1647
15.2197
12.6789
9.0014
1.056
6.8922
19.7983
15.8638
12.6698
10.894
9.7736
11.2442
13.322
15.5022
16.5477
19.261
16.665
6.6607