51.6658
49.7590
51.3529
53.0577
54.7058
57.4274
57.7965
59.0907
60.0611
60.7933
61.5048
62.7308
63.0321
54.0189
44.6618
42.5523
36.6438
35.5599
39.8120
42.6459
43.4942
44.1218
44.4240
45.5803
47.9778
50.7501
51.6858
50.7801
49.7477
48.8346
49.3291
50.6639
52.0556
52.3441
51.6859
50.0993
47.3999
46.5241
46.1175
46.6011
50.6690
53.8467
57.4952
62.7957
62.7226
63.0119
66.4492
67.1576
61.6028
58.0721
58.7718
59.3338
58.6435
57.6070
62.7861
62.2699
54.5166
47.9141
51.2196
55.9391
56.1279
53.4522
51.0758
55.6573
61.2579
60.1688
59.0793
57.9857
57.3248
58.6643
59.9340
61.0022
61.9759
62.7595
62.3458
59.9950
59.7298
59.9013
59.8699
60.1096
58.9639
58.0078
58.6233
57.6046
54.8556
55.5262
56.8415
58.1569
59.6203
61.3053
62.9929
63.6452
63.3124
62.5564
61.9148
64.8406
69.4973
74.2479
75.3538
71.0149
63.5518
56.6924
52.9411
50.4243
50.3412
51.4810
53.0554
53.6473
53.3754
53.8438
52.8504
52.3980
51.5736
51.4219
52.5024
54.3987
59.7447
67.8910
72.7375
67.9745
56.8055
48.6702
45.7447
45.3629
45.0666
44.8342
45.2373
45.8689
45.4629
44.6602
43.3628
42.2860
42.1972
41.8101
42.9614
44.1600
45.2797
46.5320
46.5730
46.2873
46.0065
45.8305
45.6543
47.7020
69.1377
84.7389
83.6871
84.9058
86.1953
87.5671
89.5465
92.8810
94.3492
91.1581
87.1140
87.7987
90.8120
92.4177
92.7256
91.6571
88.3520
81.1600
70.7583
62.2518
58.2885
57.5210
58.6984
57.6489
55.7555
54.6278
55.5759
57.7017
58.9362
58.2895
58.4812
58.9517
58.6807
56.6309
54.9131
55.4804
58.3804
61.6233
62.4395
62.7611
63.7505
71.9080
81.6918
86.9950
85.5489
85.5014
86.9351
83.0807
70.7701
66.2505
66.3641
65.0166
63.4477
63.5290
66.0562
67.7745
69.2223
69.1343
67.9849
64.8180
63.6085
63.4793
63.8547
65.4320
68.1666
70.2179
70.0824
67.9725
67.3462
67.2319
66.2701
63.9614
62.5712
63.1624
64.4548
67.3838
70.5147
73.8091
76.9741
79.9278
81.6362
82.5542
83.4075
83.2651
81.0891
76.9818
73.7417
72.1403
73.5739
74.5946
76.0883
76.6527
77.3287
77.6503
76.1521
74.8208
75.6910
76.9400
77.2190
75.3480
76.2984
75.8370
77.3511
77.5660
78.0556
73.1350
70.3418
70.9126
71.3162
69.5113
69.4248
70.1866
71.8415
73.1720
72.6227
70.6930
69.8441
70.3848
72.1775
72.1372
69.5211
66.3156
66.1458
67.9253
70.3186
72.9841
76.2384
77.8742
78.2009
82.4030
82.6430
74.3226
66.5764
62.7642
62.8274
63.6178
66.4620
67.6108
67.3892
67.1302
67.0404
67.2033
68.2834
69.4965
70.3758
70.2547
64.7972
60.0727
58.8724
63.0729
67.2387
75.8399
86.9626
92.3231
87.4364
82.3021
82.6784
83.2536
86.0119
89.3422
91.5857
93.1457
93.9775
93.8793
93.3394
93.0946
93.6773
93.8607
94.5517
95.7919
96.6774
98.4115
98.9898
98.6841
97.0472
93.3246
90.2084
89.8076
90.3883
91.3614
93.4505
93.0396
91.9746
93.2281
95.6028
96.9513
81.6019
80.6735
77.8890
76.0619
76.2797
74.6310
75.4207
75.4124
76.1414
78.1264
80.2024
83.3814
84.9423
85.5553
85.8332
85.3464
84.0303
82.3416
79.3889
72.2586
67.4839
66.8826
68.3685
69.8555
71.3821
73.1999
75.2958
76.7469
77.1605
77.3980
77.6943
78.2439
79.1720
80.0945
81.0552
82.9343
88.4468
90.8729
90.6491
90.6406
92.8837
93.5232
94.0493
90.4648
84.4482
79.0105
78.5734
80.4203
79.9725
78.5934
77.4226
75.2432
75.2139
80.6992
87.7484
92.6064
93.3942
95.4587
91.9214
83.2319
82.0667
83.6182
85.7072
86.5723
86.7112
84.2159
82.4394
80.6790
81.1425
78.9410