390.2955
359.4615
401.9978
499.9282
495.1080
481.2810
472.3020
432.8235
381.9622
267.4507
257.0122
245.5350
239.2275
249.9075
234.2220
200.4750
166.2908
182.3775
250.7370
376.8900
334.7558
353.1472
362.1158
363.1095
366.9990
429.3090
708.4522
1013.9250
780.7792
567.1500
530.5207
523.0823
568.0005
700.4692
916.5435
1248.1950
1648.7445
1758.1702
1304.6745
1067.8440
893.5770
665.4495
602.1750
636.8775
699.5587
850.4100
1439.5815
2076.4449
2201.1459
2204.3026
1622.1038
1244.0693
1135.5615
952.6650
807.0105
669.9375
411.3548
378.1905
384.6840
380.9940
435.5107
635.5147
646.8967
621.1657
671.8305
680.8898
723.1673
921.7680
1022.0662
771.3397
641.9932
528.6488
569.6662
653.0730
644.9130
746.7930
1011.6277
1124.1368
1036.5105
1209.8340
947.5590
686.0640
650.3692
671.2628
710.5800
810.2070
1214.1870
1132.2548
1054.5720
1546.6335
1656.0675
1684.5720
1722.9893
1778.3145
1975.6327
2673.5534
2808.8324
1527.3825
990.8467
698.5703
651.7853
749.0092
839.3085
973.4805
1141.0139
1060.6920
900.0405
900.2790
1068.1928
1176.4388
1446.3502
1884.6525
2333.4345
2958.3300
3972.9579
3412.9671
2222.6745
1858.4678
1625.0159
1405.0717
1450.1722
1466.4307
1480.5840
1675.5060
1802.9729
1462.4633
1093.2630
778.6253
717.5700
780.6997
912.3997
982.5217
984.0278
967.4213
978.9547
1011.9481
1077.9855
1025.5117
678.8250
1229.9955
1464.2273
1470.1770
1478.9767
1487.0707
1490.5575
1476.8385
1343.9010
1113.9885
1063.3725
1183.8232
1678.1490
1925.3032
1786.2045
1480.8120
878.7825
708.6037
706.8668
703.6005
802.7542
1220.9152
1908.1995
2037.3457
2020.8939
2293.3800
2339.9753
2206.3538
1481.5980
934.9463
713.3175
589.7797
629.0580
890.1060
1059.7410
636.1913
591.9367
611.9640
671.3985
858.7418
1253.5118
1812.1695
1146.0938
847.1175
749.1637
669.3195
669.9240
729.4897
723.2595
748.0328
847.4167
943.0103
927.1132
690.1035
512.2770
481.5067
517.9860
602.7037
807.9037
1014.4267
1144.5457
1337.8163
1554.9877
1747.5270
1803.4132
1595.8620
1461.7680
1240.6740
1065.4702
1111.2997
1018.9057
855.8062
711.8535
602.2185
552.3795
586.8533
629.4982
617.4090
624.3015
550.8210
444.3157
459.9285
447.1140
444.5775
479.4533
521.6408
569.0895
731.4713
1089.1103
1158.0075
671.8763
477.1080
420.5588
472.3808
741.5722
1052.9955
817.5690
610.4257
471.0105
364.7678
311.8395
353.2830
479.8245
550.9635
569.0790
545.6460
516.7583
539.0813
755.3633
1217.5972
1150.1310
863.3332
742.4130
717.5527
733.9867
853.9462
1281.9810
1533.4148
789.6728
502.9665
497.5215
498.8873
505.0260
512.4787
570.0195
827.4758
1284.4012
1180.6417
924.0195
670.5083
618.2077
641.3475
691.8233
925.0747
1617.9038
2309.4674
1906.3065
1437.1725
1174.6178
1098.3525
1222.5855
1445.1660
1523.3535
1400.6340
1301.5387
1112.5088
958.3860
926.5838
986.6947
884.4645
660.6105
528.9967
567.0690
653.6572
747.9968
875.0872
994.5877
1232.4675
1378.6583
983.7075
776.6468
629.1105
509.9625
496.2353
672.5242
991.5375
1289.0129
1294.6080
1041.1163
891.9675
1014.6240
1440.4147
1818.5670
1546.7040
1010.5838
780.0608
698.4765
692.9295
721.7235
893.0197
1225.2525
1160.8732
847.4107
743.1473
768.2760
955.5255
1009.5472
929.2928
774.2678
648.4403
564.9968
686.5575
851.0603
1030.1145
1239.8678
1210.9748
704.8620
526.7805
467.5110
459.2917
489.6900
557.1135
651.2753
808.0253
1221.0045
1695.0900
1240.7520
874.6853
705.4927
629.5192
579.0075
559.9718
541.7828
582.6150
619.2585
624.4485
661.0080
706.6763
657.3352
655.3110
583.7588
469.1812
429.5910
413.9363
399.7087
467.1255
659.7728
1023.9383
1588.3162
1781.5860
1372.6853
1022.1960
609.8685
458.2380
418.5690
394.1250
357.0615
363.1238
399.7507
481.6020
546.9878
565.2720
547.4610
487.6005
403.3028
359.1712
376.8353
463.1602
656.1510
904.7925
901.3830
618.2865
412.3365
354.0547
327.3007
329.4083
337.4850
355.0568
441.1733
753.7387
1212.9165
639.6765