0.7778
0.7782
0.7773
0.7778
0.7777
0.7746
0.7721
0.7728
0.7756
0.7776
0.7755
0.7706
0.7725
0.7787
0.7871
0.7926
0.7878
0.7822
0.7731
0.7684
0.7707
0.7695
0.7605
0.7627
0.7489
0.7640
0.7627
0.7619
0.7672
0.7727
0.7742
0.7767
0.7798
0.7806
0.7795
0.7771
0.7745
0.7718
0.7709
0.7711
0.7729
0.7740
0.7753
0.7760
0.7766
0.7769
0.7766
0.7738
0.7702
0.7646
0.7585
0.7526
0.7574
0.7644
0.7635
0.7630
0.7641
0.7673
0.7733
0.7816
0.7865
0.7885
0.7881
0.7855
0.7841
0.7838
0.7832
0.7802
0.7771
0.7747
0.7735
0.7730
0.7718
0.7708
0.7721
0.7739
0.7770
0.7754
0.7748
0.7757
0.7767
0.7779
0.7808
0.7823
0.7799
0.7769
0.7732
0.7674
0.7628
0.7603
0.7589
0.7571
0.7546
0.7564
0.7591
0.7602
0.7602
0.7593
0.7594
0.7614
0.7650
0.7695
0.7731
0.7746
0.7749
0.7748
0.7748
0.7766
0.7767
0.7750
0.7719
0.7678
0.7640
0.7608
0.7582
0.7564
0.7551
0.7535
0.7515
0.7503
0.7501
0.7507
0.7532
0.7592
0.7666
0.7733
0.7788
0.7823
0.7822
0.7803
0.7792
0.7787
0.7780
0.7762
0.7737
0.7714
0.7714
0.7737
0.7767
0.7787
0.7777
0.7739
0.7705
0.7689
0.7670
0.7652
0.7649
0.7682
0.7714
0.7720
0.7701
0.7696
0.7721
0.7758
0.7638
0.7475
0.7288
0.7108
0.7215
0.7308
0.7438
0.7600
0.7717
0.7761
0.7766
0.7777
0.7757
0.7708
0.7640
0.7585
0.7560
0.7580
0.7642
0.7729
0.7796
0.7798
0.7759
0.7703
0.7641
0.7582
0.7529
0.7490
0.7482
0.7486
0.7496
0.7514
0.7560
0.7632
0.7722
0.7814
0.7866
0.7870
0.7865
0.7861
0.7842
0.7834
0.7874
0.7927
0.7945
0.7938
0.7937
0.7925
0.7935
0.7963
0.7990
0.7967
0.7935
0.7928
0.7939
0.7944
0.7938
0.7941
0.7943
0.7932
0.7936
0.7989
0.8020
0.7972
0.7876
0.7765
0.7703
0.7675
0.7659
0.7637
0.7616
0.7624
0.7625
0.7632
0.7639
0.7648
0.7655
0.7664
0.7673
0.7676
0.7667
0.7655
0.7664
0.7683
0.7705
0.7732
0.7745
0.7742
0.7720
0.7707
0.7711
0.7735
0.7754
0.7737
0.7693
0.7711
0.7719
0.7598
0.7551
0.7592
0.7644
0.7667
0.7670
0.7684
0.7692
0.7629
0.7624
0.7645
0.7573
0.7503
0.7449
0.7454
0.7461
0.7512
0.7563
0.7631
0.7690
0.7749
0.7801
0.7824
0.7837
0.7845
0.7834
0.7822
0.7841
0.7857
0.7852
0.7867
0.7876
0.7859
0.7796
0.7759
0.7731
0.7719
0.7706
0.7675
0.7635
0.7596
0.7578
0.7578
0.7603
0.7654
0.7704
0.7738
0.7770
0.7776
0.7729
0.7701
0.7712
0.7703
0.7668
0.7673
0.7703
0.7733
0.7754
0.7836
0.7926
0.7979
0.7996
0.7918
0.7772
0.7680
0.7652
0.7632
0.7630
0.7638
0.7641
0.7637
0.7602
0.7573
0.7619
0.7697
0.7732
0.7704
0.7623
0.7536
0.7465
0.7419
0.7385
0.7379
0.7393
0.7420
0.7494
0.7595
0.7700
0.7776
0.7825
0.7842
0.7789
0.7586
0.7421
0.7560
0.7648
0.7681
0.7738
0.7777
0.7817
0.7866
0.7866
0.7823
0.7733
0.7643
0.7615
0.7602
0.7557
0.7529
0.7537
0.7536
0.7559
0.7585
0.7593
0.7567
0.7523
0.7480
0.7457
0.7456
0.7463
0.7484
0.7507
0.7529
0.7536
0.7531
0.7578
0.7585
0.7603
0.7623
0.7624
0.7592
0.7577
0.7604
0.7658
0.7693
0.7627
0.7543
0.7512
0.7496
0.7493
0.7490
0.7472
0.7474
0.7517
0.7565
0.7609
0.7625
0.7626
0.7569