3840.4580
3840.6104
3840.7628
3840.9152
3841.0676
3841.2200
3841.3724
3841.5248
3841.6772
3841.8296
3841.9820
3842.1344
3842.2868
3842.4392
3842.5916
3842.7440
3842.8964
3843.0488
3843.2012
3843.3536
3843.5060
3843.6584
3843.8108
3843.9632
3844.1156
3844.2680
3844.4204
3844.5728
3844.7252
3844.8776
3845.0300
3845.1824
3845.3348
3845.4872
3845.6396
3845.7920
3845.9444
3846.0968
3846.2492
3846.4016
3846.5540
3846.7064
3846.8588
3847.0112
3847.1636
3847.3160
3847.4684
3847.6208
3847.7732
3847.9256
3848.0780
3848.2304
3848.3828
3848.5352
3848.6876
3848.8400
3848.9924
3849.1448
3849.2972
3849.4496
3849.6020
3849.7544
3849.9068
3850.0592
3850.2116
3850.3640
3850.5164
3850.6688
3850.8212
3850.9736
3851.1260
3851.2784
3851.4308
3851.5832
3851.7356
3851.8880
3852.0404
3852.1928
3852.3452
3852.4976
3852.6500
3852.8024
3852.9548
3853.1072
3853.2596
3853.4120
3853.5644
3853.7168
3853.8692
3854.0216
3854.1740
3854.3264
3854.4788
3854.6312
3854.7836
3854.9360
3855.0884
3855.2408
3855.3932
3855.5456
3855.6980
3855.8504
3856.0028
3856.1552
3856.3076
3856.4600
3856.6124
3856.7648
3856.9172
3857.0696
3857.2220
3857.3744
3857.5268
3857.6792
3857.8316
3857.9840
3858.1364
3858.2888
3858.4412
3858.5936
3858.7460
3858.8984
3859.0508
3859.2032
3859.3556
3859.5080
3859.6604
3859.8128
3859.9652
3860.1176
3860.2700
3860.4224
3860.5748
3860.7272
3860.8796
3861.0320
3861.1844
3861.3368
3861.4892
3861.6416
3861.7940
3861.9464
3862.0988
3862.2512
3862.4036
3862.5560
3862.7084
3862.8608
3863.0132
3863.1656
3863.3180
3863.4704
3863.6228
3863.7752
3863.9276
3864.0800
3864.2324
3864.3848
3864.5372
3864.6896
3864.8420
3864.9944
3865.1468
3865.2992
3865.4516
3865.6040
3865.7564
3865.9088
3866.0612
3866.2136
3866.3660
3866.5184
3866.6708
3866.8232
3866.9756
3867.1280
3867.2804
3867.4328
3867.5852
3867.7376
3867.8900
3868.0424
3868.1948
3868.3472
3868.4996
3868.6520
3868.8044
3868.9568
3869.1092
3869.2616
3869.4140
3869.5664
3869.7188
3869.8712
3870.0236
3870.1760
3870.3284
3870.4808
3870.6332
3870.7856
3870.9380
3871.0904
3871.2428
3871.3952
3871.5476
3871.7000
3871.8524
3872.0048
3872.1572
3872.3096
3872.4620
3872.6144
3872.7668
3872.9192
3873.0716
3873.2240
3873.3764
3873.5288
3873.6812
3873.8336
3873.9860
3874.1384
3874.2908
3874.4432
3874.5956
3874.7480
3874.9004
3875.0528
3875.2052
3875.3576
3875.5100
3875.6624
3875.8148
3875.9672
3876.1196
3876.2720
3876.4244
3876.5768
3876.7292
3876.8816
3877.0340
3877.1864
3877.3388
3877.4912
3877.6436
3877.7960
3877.9484
3878.1008
3878.2532
3878.4056
3878.5580
3878.7104
3878.8628
3879.0152
3879.1676
3879.3200
3879.4724
3879.6248
3879.7772
3879.9296
3880.0820
3880.2344
3880.3868
3880.5392
3880.6916
3880.8440
3880.9964
3881.1488
3881.3012
3881.4536
3881.6060
3881.7584
3881.9108
3882.0632
3882.2156
3882.3680
3882.5204
3882.6728
3882.8252
3882.9776
3883.1300
3883.2824
3883.4348
3883.5872
3883.7396
3883.8920
3884.0444
3884.1968
3884.3492
3884.5016
3884.6540
3884.8064
3884.9588
3885.1112
3885.2636
3885.4160
3885.5684
3885.7208
3885.8732
3886.0256
3886.1780
3886.3304
3886.4828
3886.6352
3886.7876
3886.9400
3887.0924
3887.2448
3887.3972
3887.5496
3887.7020
3887.8544
3888.0068
3888.1592
3888.3116
3888.4640
3888.6164
3888.7688
3888.9212
3889.0736
3889.2260
3889.3784
3889.5308
3889.6832
3889.8356
3889.9880
3890.1404
3890.2928
3890.4452
3890.5976
3890.7500
3890.9024
3891.0548
3891.2072
3891.3596
3891.5120
3891.6644
3891.8168
3891.9692
3892.1216
3892.2740
3892.4264
3892.5788
3892.7312
3892.8836
3893.0360
3893.1884
3893.3408
3893.4932
3893.6456
3893.7980
3893.9504
3894.1028
3894.2552
3894.4076
3894.5600
3894.7124
3894.8648
3895.0172
3895.1696
3895.3220
3895.4744
3895.6268
3895.7792
3895.9316
3896.0840
3896.2364
3896.3888
3896.5412
3896.6936
3896.8460
3896.9984
3897.1508
3897.3032
3897.4556
3897.6080
3897.7604
3897.9128
3898.0652
3898.2176
3898.3700
3898.5224
3898.6748
3898.8272
3898.9796
3899.1320
3899.2844
3899.4368
3899.5892
3899.7416
3899.8940
3900.0464
3900.1988
3900.3512
3900.5036
3900.6560
3900.8084
3900.9608
3901.1132
3901.2656