98.2300483750613
91.84544449460662
95.33449778850957
97.97469731765091
97.15454758738869
97.99600530313357
97.2012121848231
98.83804777992657
97.55883047814898
97.83956616463759
49.80144356704888
96.92815754233777
97.83955707710751
91.2213872938964
40.93718925040762
94.22929721387204
97.03580346033577
96.19898724428379
97.09319512605623
97.20780513383741
97.30082510922156
97.37195413239924
96.6894771322557
98.10355813377619
94.87123132693463
94.67881504330012
97.64052430319823
97.07092959475229
98.49471097682957
97.65294911819299
95.98816768465693
96.59176085079417
97.47919860771002
94.92032632509758
95.79321060898799
97.05369843599416
93.03014336514508
94.19753911612561
96.60193936896313
91.9778457362774
95.44459495776931