2.23352850478451
3.254091683538232
4.676578113740518
4.759046116470502
3.590719081260389
4.601787050377247
5.597575630353793
4.636799383008578
4.9555741293575455
4.342472009078435
39.96879341170574
3.0789076953148498
3.4322006121106883
13.946195747227748
74.53224682707187
5.784437058758935
4.70908861791683
7.960297570747965
5.81360974788753
5.58438973232517
5.784437058758935
5.3785218799895596
6.621045735488599
3.9716366534322884
10.257537346130738
10.666900576050141
3.418578271776573
5.8581408104954305
7.057484362995601
14.844052389786864
18.381152533338373
8.781324759689646
4.597941739536922
5.331701684282712
8.413578782024024
6.029859532672436
6.3716756590251356
8.602844555649858
5.784437058758935
16.418028605975
5.748533953866547