4.1033
5.2343
3.54
3.4366
4.7798
5.6516
8.3673
3.891
5.9607
10.0824
6.7997
22.1188
1.4912
4.6839
7.0138
4.7007
0.7523
0.354
0.1844
0.121
0.3575
0.6614
0.0037
0.1701
2.7663
0.3976
0.1004
0.1738
4.5893
5.7378
2.9
4.9964
3.845
2.565
3.5014
7.4757
7.8659
4.9757
10.6195
13.2087
11.7225
9.3068
6.4865
15.0663
3.4745
3.8286
20.3209
46.6216
45.0791
16.2276
2.2487
0.3363
1.3655
1.441
0.901
0.7694
0.6805
0.6363
0.7129
1.2667
5.3628
7.5718
5.4468
13.7493
13.1223
4.3432
6.8347
7.4905
8.7759
9.6515
7.9092
2.6372
4.3621
5.015
1.9104
4.8717
14.9115
15.9269
8.2109
11.8134
33.8752
37.5442
6.9664
10.2535
4.7364
6.4387
12.1374
6.144
2.5755
13.5859
24.9304
5.0476
3.2096
4.0163
11.7649
23.8962
15.0755
29.2646
37.5471
16.9128
18.7849
20.4887
5.6995
12.2055
26.3581
34.3229
16.2449
6.6777
3.4004
2.7167
3.5693
9.3905
13.8997
10.1851
29.4021
59.2153
51.2683
28.5715
13.5284
12.3188
21.4632
12.4521
14.9606
14.5701
16.2084
24.2137
28.186
30.0373
9.6702
7.1433
8.1802
17.5408
39.2999
64.0137
19.1018
6.2086
9.4233
8.7054
13.9928
7.2508
2.9611
1.4626
1.155
2.7441
5.2033
13.9066
29.3905
38.9495
15.4529
7.3483
23.9588
69.4025
123.0646
117.6246
35.064
12.5111
4.5721
7.2236
0.7048
0.673
3.4959
16.1243
12.3812
18.6262
21.067
8.859
15.6592
18.3732
10.8675
5.8425
0.5186
0.471
1.526
12.1229
55.147
38.0516
8.0317
2.2016
1.9756
4.0554
7.5522
5.0519
10.9138
6.2969
2.8938
10.0091
14.2103
8.5881
10.5116
9.8277
14.9693
32.2594
67.8295
7.8233
4.9001
4.3926
16.3089
37.4505
12.0592
20.2315
61.3661
116.8792
54.5813
23.5765
21.7098
41.751
20.5066
20.8893
13.0472
22.0812
60.3255
72.0146
16.4954
6.6552
7.2509
5.9963
7.5705
11.4294
7.2655
3.1099
2.8853
4.2197
1.8142
1.1502
0.8906
1.8227
8.5761
27.3413
20.1228
19.4985
8.0017
1.9794
3.2335
6.3042
14.0472
41.3843
45.0816
7.7177
2.548
3.3769
2.7929
3.4946
14.3914
30.2689
14.8308
3.5346
8.6408
8.4535
8.112
13.6972
53.5926
6.0075
0.8303
4.8105
26.9378
6.148
13.3855
13.6351
12.8584
20.3034
9.6039
4.7355
1.4289
0.9914
1.2771
1.4073
2.1186
4.664
2.6897
9.1035
11.0652
4.7379
17.0892
51.6922
110.2435
102.6105
35.7643
8.0174
18.4453
18.6431
22.604
87.0398
24.479
37.6439
22.6441
14.4444
8.6658
4.0947
7.6641
12.7954
9.8179
1.2661
0.7444
0.7135
2.3277
11.1663
17.0184
19.1132
4.5078
9.1016
1.9102
3.9489
3.9042
4.1036
11.2257
8.2618
27.2723
63.0679
15.2542
15.0843
70.3104
24.957
16.7075
71.7819
27.7183
4.2139
3.3214
2.5638
16.024
29.8139
6.6095
22.8153
3.4313
0.7735
2.8225
23.7662
65.6505
29.9528
4.041
2.5283
3.1691
2.2944
1.3249
4.66
5.0614
4.7402
2.7427
1.3678
1.6048
2.8996
3.3917
7.4941
9.3656
11.2047
2.6529
5.8928
14.4156
7.3996
2.3568
1.4261
2.2651
2.4202
2.7474
1.9483
1.5424
0.8267
0.8225
4.5056
3.6161
2.1063
3.0387
1.5478
1.665
1.2544
3.1104
12.6892
8.9396
4.529
4.1834
7.0768
5.8581
2.7501
1.3234
0.6979
0.6407
2.3265
6.4317
7.1652
7.7333
7.701
6.5726
3.1832
2.7676
3.0273
2.8785
2.9488
4.0851
5.1737
3.1549
1.6615
1.4656
0.9951
1.204
0.7244
0.3438
0.2466
0.4309
0.9796
5.6579
1.173