1.9466
1.9384
1.9346
1.9401
1.939
1.9236
1.902
1.8942
1.7898
1.8451
1.881
1.8567
1.912
1.946
1.9057
1.866
1.8668
1.8403
1.9207
1.9829
1.9826
2.0114
1.9999
2.0022
2.0207
2.1461
2.2522
2.1445
2.1552
2.0947
2.0684
2.0777
2.0971
2.0818
2.0404
2.0239
2.0178
1.9613
1.9036
1.9363
1.948
1.9302
1.8912
1.888
1.8592
1.8164
1.7821
1.8356
1.8552
1.7997
1.8148
1.8511
1.8051
1.7833
1.7712
1.6631
1.7062
1.711
1.6913
1.7054
1.7617
1.7825
1.7076
1.7339
1.7285
1.7597
1.8048
1.8593
1.8494
1.8439
1.8281
1.8108
1.7967
1.7937
1.8183
1.8956
1.903
1.8427
1.9132
1.9414
1.9491
1.9052
1.8919
1.8879
1.9105
1.9543
1.9593
1.8081
1.9707
1.9402
1.9034
1.9084
1.9073
1.895
1.879
1.8592
1.8953
1.9146
1.8756
1.82
1.8035
1.8219
1.7956
1.8386
1.7894
1.7524
1.792
1.8159
1.8385
1.8625
1.8523
1.8799
1.9199
2.0183
2.1058
1.9824
2.0429
2.0606
2.0371
2.0521
2.0554
2.0285
1.9519
1.9259
1.9559
1.9227
1.8707
1.8785
1.9459
2.0062
2.0066
1.9938
1.9886
1.9752
1.9515
1.9412
1.8893
1.9093
2.0079
2.0877
1.9784
1.9791
1.9718
1.979
1.9809
1.9809
2.0023
1.9836
1.9432
2.014
2.0673
1.9987
1.9969
2.022
1.9681
1.9868
1.974
1.9851
1.9782
1.9629
1.9849
2.0182
2.0344
2.009
2.0226
2.0235
2.0463
2.0066
1.963
1.9281
1.9716
2.0267
2.0104
1.9389
1.8816
1.8928
1.9222
1.9739
2.0328
1.9991
2.0
1.9783
1.9816
2.0125
2.0333
1.9978
1.9456
1.9265
1.9064
1.9185
1.9241
1.8709
1.8804
1.9545
1.9589
1.9666
2.0247
2.0607
2.1309
2.2077
2.2544
2.2627
2.2763
2.3065
2.3111
2.237
2.2829
2.2689
2.2493
2.2582
2.2019
2.1504
2.1471
2.1743
2.1381
2.1426
2.1104
2.0726
2.0462
2.0475
2.0528
2.0884
2.0851
2.0523
2.0592
2.1476
2.1564
1.9817
2.0186
2.0601
2.0683
2.1001
2.1835
1.9774
1.9356
1.9615
1.9661
1.9056
1.9301
1.9747
1.9906
1.9503
1.9709
1.9603
1.9582
2.0018
2.1337
2.082
2.0517
2.0838
2.054
2.0481
2.039
2.1073
2.1698
2.0299
2.1084
1.9738
1.9479
1.9523
1.9379
1.9544
1.9958
2.074
2.0002
1.9828
2.0314
2.032
2.0287
2.0372
2.0325
2.0533
2.025
2.098
2.1478
2.1196
2.1171
2.1662
2.2181
2.1749
2.1606
2.1325
2.1104
2.0803
2.0387
2.0424
2.0387
2.0546
2.0584
1.9992
1.9665
1.9825
1.9964
2.0023
1.9654
1.9322
1.9566
1.9119
1.8935
1.8599
1.872
1.8951
1.8959
1.9298
1.9519
1.924
1.9037
1.9135
1.938
1.9309
1.9903
1.9837
1.9239
1.9158
1.9286
1.9438
1.9439
1.9429
1.9469
1.9565
1.9464
1.9524
1.9499
1.9578
2.0176
2.0538
2.0213
2.0032
2.0799
2.125
2.0697
2.029
2.012
1.9904
1.9588
2.0511
2.085
2.1253
2.1269
2.1234
2.1392
2.1966
2.2883
2.1715
2.0811
2.1303
2.1503
2.1673
2.1824
2.1567
2.1613
2.1364
2.1099
2.0893
2.0631
2.0683
2.0769
2.092
2.123
2.1396
2.1311
2.1493
2.1808
2.2335
2.2944
2.3419
2.2997
2.1712
2.1572
2.1188
2.1137
2.1849
2.2167
2.2194
2.2429
2.2614
2.2722
2.3052
2.2967
2.282
2.2921
2.3302
2.3575
2.3266
2.2891
2.2664
2.286
2.2968
2.3363
2.3606
2.3524
2.3606
2.3525
2.3638
2.3559
2.3389
2.3132
2.3546
2.2812
2.1452