0.0367
0.0387
0.0424
0.0488
0.054
0.0537
0.0516
0.0542
0.0624
0.0705
0.0694
0.0621
0.065
0.0594
0.0518
0.0513
0.0384
0.0269
0.0124
0.0079
0.0158
0.0157
0.0002
0.0028
0.019
0.0061
0.0027
0.0009
0.0107
0.0213
0.0256
0.0314
0.0385
0.0415
0.0399
0.0343
0.0286
0.0251
0.0255
0.0279
0.0294
0.0295
0.0302
0.0318
0.0346
0.036
0.0359
0.031
0.0253
0.0162
0.0092
0.0021
0.0147
0.0296
0.0287
0.0267
0.0246
0.024
0.0283
0.0381
0.0462
0.05
0.051
0.0452
0.044
0.0436
0.0435
0.0397
0.0352
0.0316
0.03
0.0302
0.0297
0.0293
0.0327
0.0344
0.0368
0.0307
0.0274
0.0282
0.0308
0.0329
0.0372
0.0408
0.0373
0.0321
0.0282
0.0214
0.0158
0.0179
0.0222
0.025
0.0234
0.026
0.0309
0.0339
0.036
0.036
0.0351
0.0356
0.038
0.0416
0.0442
0.0436
0.041
0.0372
0.0353
0.0371
0.0373
0.0382
0.0383
0.0381
0.0374
0.0354
0.0324
0.03
0.0297
0.0311
0.0344
0.0382
0.0423
0.046
0.05
0.0595
0.0675
0.0724
0.0753
0.0764
0.0735
0.0674
0.0628
0.0597
0.0572
0.0523
0.0443
0.0361
0.0321
0.0322
0.0327
0.0304
0.0255
0.0202
0.0213
0.0259
0.031
0.0365
0.0431
0.0513
0.0575
0.059
0.0564
0.0568
0.0643
0.0769
0.0606
0.0367
0.0085
0.0209
0.0102
0.0041
0.0087
0.0273
0.0412
0.0416
0.039
0.038
0.036
0.0292
0.0203
0.0125
0.0097
0.0138
0.0237
0.0383
0.0522
0.0559
0.0514
0.0416
0.0314
0.0233
0.0174
0.0148
0.0179
0.0228
0.0287
0.0375
0.0509
0.0675
0.0864
0.1032
0.1025
0.097
0.0923
0.086
0.0772
0.0736
0.08
0.0902
0.0916
0.091
0.0895
0.0886
0.0922
0.092
0.0916
0.0922
0.0951
0.0986
0.102
0.1028
0.1026
0.103
0.1035
0.0992
0.0887
0.0772
0.0729
0.0758
0.0726
0.0536
0.0448
0.0423
0.0419
0.0408
0.0406
0.0442
0.0459
0.0476
0.0494
0.0521
0.0541
0.0576
0.0603
0.0624
0.0606
0.0577
0.0588
0.06
0.061
0.0639
0.0645
0.0624
0.0568
0.0522
0.0526
0.0589
0.0609
0.0556
0.0451
0.0454
0.0446
0.0214
0.0133
0.0238
0.0342
0.0389
0.0415
0.0449
0.0464
0.0379
0.0431
0.0472
0.0339
0.0216
0.0088
0.009
0.0102
0.02
0.031
0.0447
0.0564
0.0688
0.0803
0.084
0.085
0.0833
0.0761
0.0703
0.0716
0.0738
0.0724
0.073
0.0739
0.0695
0.0567
0.0494
0.043
0.0397
0.0372
0.0323
0.0261
0.019
0.0152
0.0144
0.0181
0.0265
0.0329
0.0358
0.0387
0.039
0.0372
0.042
0.0561
0.0669
0.0665
0.0699
0.0747
0.0778
0.0787
0.0881
0.0873
0.0758
0.0715
0.0761
0.0557
0.0405
0.0347
0.03
0.0275
0.0292
0.0296
0.03
0.0241
0.0177
0.0247
0.0422
0.0556
0.0576
0.0466
0.0366
0.0321
0.0263
0.0186
0.0148
0.0177
0.0205
0.0269
0.0328
0.0395
0.0426
0.0476
0.0529
0.0542
0.0432
0.0092
0.0141
0.0253
0.0232
0.0218
0.0223
0.027
0.0348
0.036
0.0324
0.0215
0.0114
0.0109
0.016
0.0188
0.023
0.0276
0.0245
0.0256
0.0283
0.028
0.0235
0.0152
0.0084
0.0078
0.0121
0.0114
0.0123
0.0135
0.0147
0.0137
0.0239
0.0433
0.0435
0.0442
0.0429
0.039
0.0323
0.029
0.0356
0.0473
0.0578
0.0468
0.0297
0.0213
0.0169
0.0173
0.0186
0.0152
0.0107
0.0107
0.0118
0.0145
0.0153
0.0177
0.0119