0.1842
0.1755
0.2255
0.2621
0.2539
0.236
0.1931
0.2765
0.2679
0.2439
0.2821
0.1551
0.4796
0.2809
0.2083
0.2429
0.3755
0.355
0.2165
0.1648
0.2122
0.1658
0.0
0.0532
0.1125
0.0806
0.0637
0.0181
0.0508
0.0928
0.148
0.1451
0.1981
0.2514
0.2133
0.1342
0.1095
0.1163
0.0859
0.0858
0.0951
0.1053
0.1255
0.0925
0.1856
0.1855
0.0921
0.0554
0.0457
0.0451
0.0595
0.0306
0.1165
0.2271
0.2644
0.2628
0.2546
0.2545
0.2854
0.305
0.2073
0.195
0.2273
0.1373
0.1362
0.2134
0.1768
0.1555
0.1287
0.1111
0.1145
0.1818
0.1455
0.1352
0.2234
0.161
0.1077
0.0872
0.1028
0.091
0.0634
0.0648
0.15
0.1401
0.1763
0.1337
0.0897
0.0907
0.0959
0.0539
0.0518
0.115
0.1297
0.1317
0.0997
0.0811
0.1049
0.0792
0.0692
0.0988
0.1009
0.1068
0.1938
0.1391
0.0944
0.0763
0.0998
0.1521
0.2017
0.2261
0.2033
0.1355
0.1129
0.1216
0.0707
0.0484
0.051
0.0689
0.105
0.1214
0.1065
0.1457
0.1469
0.1769
0.192
0.1743
0.1701
0.168
0.2588
0.2686
0.237
0.1644
0.1117
0.0827
0.1173
0.1526
0.1138
0.1181
0.0983
0.1205
0.1466
0.1549
0.1797
0.1536
0.1408
0.1103
0.095
0.1005
0.1667
0.2327
0.1361
0.0869
0.077
0.0944
0.1245
0.116
0.0406
0.0826
0.1059
0.0441
0.0465
0.0771
0.1308
0.1112
0.0987
0.1386
0.1034
0.078
0.0675
0.0536
0.1142
0.168
0.1785
0.1227
0.088
0.1107
0.1957
0.268
0.2119
0.1174
0.0674
0.068
0.0591
0.0955
0.1662
0.1301
0.1529
0.2497
0.2935
0.3592
0.3009
0.2072
0.144
0.3292
0.3572
0.3561
0.2272
0.181
0.2941
0.2361
0.1457
0.1093
0.1578
0.2241
0.231
0.1767
0.2454
0.2524
0.3168
0.2571
0.1685
0.1568
0.292
0.404
0.35
0.3296
0.2835
0.2492
0.2873
0.2993
0.2587
0.2095
0.2908
0.3386
0.3719
0.3057
0.1699
0.1083
0.1281
0.1369
0.2063
0.383
0.3308
0.2618
0.183
0.1103
0.1083
0.2317
0.3671
0.3441
0.3739
0.3317
0.1696
0.1139
0.1552
0.3121
0.2247
0.207
0.1708
0.1382
0.0759
0.0914
0.129
0.1116
0.0777
0.165
0.1274
0.137
0.1453
0.0976
0.1523
0.2228
0.2598
0.1929
0.0721
0.0708
0.0675
0.0951
0.1846
0.1614
0.1881
0.3231
0.2237
0.1469
0.1075
0.1086
0.1556
0.2671
0.1932
0.1982
0.1793
0.102
0.1771
0.1387
0.1401
0.1474
0.1586
0.1992
0.144
0.1007
0.091
0.1546
0.1533
0.1485
0.1148
0.0872
0.0909
0.0944
0.1867
0.1407
0.2538
0.2135
0.2859
0.3332
0.2203
0.2624
0.1711
0.125
0.2297
0.2583
0.1341
0.1803
0.201
0.1156
0.1262
0.2009
0.19
0.1826
0.0779
0.0632
0.122
0.073
0.1301
0.1759
0.1445
0.1017
0.0871
0.1265
0.2349
0.2233
0.1789
0.1674
0.1486
0.07
0.081
0.0966
0.1592
0.2562
0.2879
0.2453
0.2571
0.207
0.1935
0.1431
0.0553
0.0603
0.0747
0.0911
0.1375
0.1728
0.1725
0.2163
0.2124
0.2197
0.1615
0.1107
0.106
0.0772
0.0994
0.1518
0.1569
0.1833
0.186
0.229
0.1575
0.0732
0.0548
0.04
0.0386
0.048
0.0491
0.0726
0.1081
0.1523
0.1468
0.1517
0.1805
0.1733
0.1707
0.1661
0.1611
0.1798
0.1711
0.2019
0.2728
0.3292
0.2346
0.1353
0.1191
0.1232
0.133
0.1666
0.1263
0.1096
0.1478
0.1858
0.182
0.1381
0.0773
0.1001