0.5504
0.498
0.5837
0.5895
0.5154
0.4816
0.4103
0.5599
0.4705
0.3793
0.4454
0.2738
0.8089
0.5189
0.4412
0.5193
1.0732
1.4475
1.9216
2.3044
1.4775
1.1616
10.973
2.0917
0.6485
1.4542
2.5902
2.1228
0.5226
0.4785
0.6355
0.5078
0.565
0.6645
0.5867
0.4296
0.4201
0.5084
0.3696
0.3373
0.3551
0.3915
0.4556
0.3195
0.5892
0.5662
0.2818
0.1964
0.1982
0.3056
0.7067
1.5861
0.8682
0.8412
1.0125
1.0788
1.1343
1.1652
1.1089
0.8792
0.4927
0.4276
0.4892
0.3335
0.3401
0.5371
0.4461
0.4295
0.4019
0.3858
0.4193
0.6599
0.5371
0.507
0.7505
0.5131
0.3216
0.3119
0.4124
0.3537
0.2256
0.2161
0.4426
0.3769
0.519
0.4571
0.3497
0.4649
0.6681
0.3306
0.2556
0.5053
0.6097
0.5557
0.3548
0.2627
0.32
0.2411
0.2164
0.3047
0.2917
0.2815
0.4807
0.3505
0.2528
0.2253
0.31
0.4504
0.5941
0.6502
0.5823
0.3908
0.3314
0.3775
0.2401
0.1768
0.1882
0.2428
0.3349
0.3488
0.2761
0.3477
0.3222
0.326
0.3119
0.2637
0.2475
0.2409
0.3857
0.4368
0.4137
0.3017
0.2143
0.1735
0.2903
0.4642
0.3897
0.4029
0.3299
0.4349
0.6301
0.8414
0.9244
0.65
0.4993
0.3312
0.2415
0.2148
0.3181
0.4324
0.2645
0.1678
0.1313
0.1344
0.2252
0.3464
0.5223
0.4341
1.1419
1.1766
0.586
0.3096
0.3483
0.2932
0.2779
0.4005
0.3149
0.2932
0.3647
0.4722
1.2938
1.3327
0.8254
0.3512
0.185
0.2172
0.4173
0.7061
0.741
0.5534
0.425
0.5033
0.3633
0.4604
0.6357
0.3805
0.3292
0.4052
0.3719
0.3806
0.321
0.2338
0.1707
0.4191
0.5066
0.5298
0.3109
0.2196
0.3513
0.2841
0.1782
0.1351
0.1873
0.2666
0.2759
0.2098
0.2824
0.2801
0.3395
0.2736
0.1795
0.1665
0.3084
0.4452
0.4318
0.4675
0.4261
0.3601
0.4333
0.6123
0.6331
0.5436
0.762
0.9106
1.0043
0.7596
0.4062
0.2495
0.2843
0.2883
0.4178
0.7295
0.6012
0.4599
0.331
0.2097
0.2022
0.4238
0.66
0.5901
0.6356
0.5825
0.3277
0.2393
0.3235
0.5807
0.4046
0.4085
0.4156
0.3341
0.1866
0.4693
1.0641
0.5155
0.2496
0.4661
0.3371
0.3347
0.3431
0.2822
0.3874
0.5182
0.8415
0.9822
0.8957
0.8601
0.7248
0.5217
0.6545
0.3962
0.3655
0.515
0.3049
0.1916
0.1385
0.1428
0.2238
0.4165
0.2955
0.2942
0.2715
0.153
0.2626
0.2189
0.2709
0.3269
0.4044
0.5506
0.4254
0.3426
0.3822
0.8927
1.109
1.1291
0.6965
0.362
0.3035
0.2893
0.5295
0.396
0.7487
0.5585
0.5587
0.5456
0.3631
0.4115
0.2509
0.1759
0.3196
0.3208
0.1681
0.2604
0.308
0.1663
0.2486
0.5441
0.6001
0.6675
0.3105
0.238
0.4519
0.2673
0.5931
1.0886
0.6427
0.2644
0.1718
0.2407
0.5526
0.6697
0.6121
0.6991
0.8767
0.5208
0.5037
0.5183
0.65
0.8567
0.8009
0.6324
0.5928
0.4293
0.3916
0.3633
0.6591
0.4712
0.3244
0.4302
0.6924
0.8489
0.7026
0.682
0.6478
0.7448
0.8229
1.0685
1.0714
0.5286
0.5802
0.7247
0.6232
0.8203
0.7961
0.8896
0.6173
0.3421
0.3947
0.5243
0.5421
0.4349
0.4712
0.6498
0.8801
1.1388
1.1801
0.6957
0.4574
0.4375
0.4239
0.4247
0.4534
0.6109
0.6473
0.623
0.6331
0.6242
0.5502
0.5005
0.6141
0.8004
0.8422
0.9837
0.9137
1.1285
1.5198
1.7234
1.3781
0.9932
0.4805
0.9258