5.0151
4.5383
5.3194
5.3737
4.6998
4.3917
3.7408
5.1049
4.2918
3.4619
4.0642
2.4973
7.3798
4.7326
4.0221
4.7342
9.7797
13.1863
17.5001
20.9872
13.4559
10.5794
0.0
19.071
5.9072
13.2355
23.5807
19.8729
4.7619
4.3583
5.7888
4.626
5.1483
6.0556
5.3462
3.9146
3.8264
4.6309
3.3666
3.0725
3.2349
3.5663
4.15
2.911
5.3687
5.1595
2.568
1.7889
1.8052
2.7831
6.4397
14.4915
7.9063
7.6635
9.2236
9.8269
10.3327
10.6137
10.1018
8.012
4.491
3.898
4.4599
3.0401
3.0995
4.8953
4.0661
3.9141
3.6614
3.5147
3.8193
6.0116
4.893
4.6181
6.838
4.6748
2.9304
2.8416
3.7568
3.2224
2.0548
1.9687
4.0328
3.4347
4.7287
4.1644
3.1856
4.2346
6.0852
3.0109
2.3275
4.603
5.5539
5.0621
3.2317
2.3937
2.9161
2.1968
1.9721
2.7765
2.6584
2.5657
4.3812
3.1948
2.304
2.0526
2.8244
4.1041
5.4132
5.9251
5.3065
3.5614
3.0197
3.4401
2.1868
1.6107
1.715
2.2124
3.0509
3.1782
2.5162
3.1696
2.9371
2.9735
2.8458
2.4072
2.259
2.1996
3.5204
3.9852
3.7734
2.7517
1.9547
1.5816
2.6457
4.2297
3.5509
3.6712
3.0053
3.9616
5.7396
7.6637
8.4204
5.9212
4.5489
3.0182
2.2012
1.9581
2.9007
3.9439
2.4119
1.5306
1.1977
1.2272
2.0542
3.156
4.7643
3.9538
10.4014
10.7139
5.3354
2.8208
3.1741
2.6717
2.5326
3.6493
2.8697
2.6707
3.3225
4.301
11.7846
12.1367
7.5179
3.1998
1.6867
1.981
3.8044
6.4348
6.7509
5.0409
3.8705
4.5843
3.3092
4.1936
5.7909
3.4674
3.0017
3.6975
3.3974
3.4811
2.9356
2.1374
1.5604
3.8286
4.6255
4.8357
2.8389
2.0069
3.2105
2.5958
1.6278
1.2344
1.7116
2.4361
2.521
1.9173
2.581
2.5609
3.1049
2.5022
1.6421
1.523
2.8211
4.0712
3.9448
4.268
3.8891
3.2871
3.9545
5.583
5.7704
4.9542
6.9448
8.2986
9.1528
6.9232
3.7023
2.2746
2.592
2.6285
3.81
6.653
5.4839
4.1956
3.0193
1.9123
1.8441
3.8653
6.0202
5.3834
5.7989
5.3139
2.988
2.1815
2.9492
5.2964
3.6903
3.7248
3.7884
3.0452
1.7009
4.2743
9.6909
4.6953
2.2736
4.2473
3.0717
3.0506
3.1276
2.5716
3.5313
4.7236
7.6668
8.9464
8.1577
7.8316
6.6002
4.7522
5.9622
3.6114
3.333
4.6994
2.7845
1.7497
1.2648
1.3042
2.0433
3.8012
2.6972
2.6855
2.4777
1.3962
2.3966
1.9972
2.4703
2.9805
3.6855
5.0172
3.876
3.1211
3.4817
8.1306
10.1005
10.2826
6.3433
3.2969
2.7655
2.6361
4.825
3.609
6.8223
5.0897
5.0951
4.9786
3.3132
3.7552
2.2904
1.6055
2.9185
2.9306
1.5354
2.3776
2.8106
1.5182
2.2671
4.9584
5.4679
6.081
2.8286
2.1683
4.1174
2.4351
5.4026
9.9143
5.8542
2.4094
1.5669
2.1948
5.0375
6.102
5.5765
6.3687
7.9849
4.7417
4.5874
4.7207
5.9212
7.8054
7.2981
5.7636
5.404
3.9141
3.5709
3.3112
6.0019
4.29
2.9553
3.9184
6.3073
7.7318
6.4005
6.2139
5.9026
6.7856
7.4954
9.732
9.7579
4.813
5.2839
6.6013
5.6774
7.4716
7.2512
8.104
5.6233
3.1161
3.5944
4.7815
4.944
3.9601
4.295
5.919
8.016
10.3704
10.7476
6.3371
4.1692
3.9876
3.864
3.8703
4.1318
5.566
5.8964
5.6764
5.7708
5.6926
5.0153
4.5594
5.5932
7.2895
7.6706
8.9592
8.3216
10.2772
13.8411
15.6947
12.5497
9.0451
4.3766
8.43