-0.9358
-0.7983
-1.5483
-2.2837
-2.4313
-2.0639
-1.0931
-2.8552
-3.5254
-4.1271
-5.5326
0.4138
-8.8186
-3.4481
-1.4291
-2.0872
-2.8581
-2.1653
-1.1482
-0.8813
-1.1451
-0.8386
-0.2088
-0.2379
-0.2707
-0.3326
-0.3533
0.0683
0.3183
0.0833
-0.5696
-0.4353
-1.1292
-1.86
-1.3461
-0.1939
0.0653
-0.1571
0.3884
0.507
0.3762
0.1766
-0.157
0.5489
-0.9584
-0.9545
0.7853
1.5905
1.4828
0.8124
0.0826
0.0117
-0.4231
-1.3722
-1.6581
-1.6064
-1.5112
-1.4989
-1.7974
-2.2816
-1.3283
-1.1277
-1.7872
0.0951
0.0741
-1.3944
-0.7856
-0.4478
-0.0692
0.1449
0.0234
-0.9212
-0.4711
-0.3328
-1.3746
-0.6209
0.4384
0.6176
0.1404
0.4092
1.297
1.4101
-0.4004
-0.122
-0.8195
-0.2421
0.4332
0.1233
-0.1569
0.6915
1.039
-0.1415
-0.385
-0.3538
0.3442
0.9671
0.4675
1.1738
1.4319
0.5957
0.6722
0.7253
-1.0834
-0.0095
1.0515
1.3543
0.5579
-0.4393
-1.1703
-1.4827
-1.1984
-0.1113
0.3464
0.0759
1.1713
1.7894
1.6554
1.1426
0.3908
0.1885
0.7766
-0.0816
0.038
-0.5848
-1.1474
0.2012
1.1253
1.7348
-6.1088
-4.4362
-2.6716
-0.1166
1.9307
2.7279
0.5872
-0.4651
0.1089
0.0321
0.4614
-0.0681
-0.5532
-0.7093
-0.9244
-0.6306
-0.3801
0.3682
1.1945
1.7396
-0.2872
-2.2609
0.7709
3.2571
6.2489
16.2716
1.7524
0.249
0.3894
0.2429
-0.4325
-0.0104
0.2782
0.6774
0.0966
0.603
0.7919
-0.173
0.506
0.762
0.5154
0.3694
-0.5181
-0.8654
-0.9066
0.166
2.4303
1.814
-1.1509
-2.0573
-1.2461
-0.2231
0.3653
0.2257
0.5654
0.0945
-0.7494
-0.0203
-0.0941
-3.7514
31.8051
5.7616
4.0466
0.3478
-7.313
48.7554
-17.5161
-11.4394
-9.3254
-2.3865
9.9111
4.9472
-9.9092
-23.1455
-5.2166
2.9801
3.9049
-2.623
3.5088
2.8843
4.7421
2.2877
-2.2847
-3.033
3.4991
8.8531
23.0107
-15.4203
-7.1925
-6.828
-7.2343
-3.1899
-2.0642
-1.3202
-2.3156
-2.7143
-2.978
-2.5912
-0.6256
1.0907
0.565
0.4428
-1.4244
-5.0064
-4.6281
-3.3546
-0.7844
2.0761
2.3439
-2.2954
-5.4489
-5.7193
-6.5514
-5.0745
-0.4059
1.2773
-0.0975
-4.0336
-2.1496
-1.4695
-0.6535
0.0818
2.0675
0.1094
-0.5705
-0.1268
1.0865
-0.628
0.1856
0.0934
-0.0543
0.7608
-0.3117
-1.6084
-1.7419
-1.0329
-0.1164
-0.0903
0.0115
-0.0006
-0.9516
-0.4679
-0.9732
-6.7757
-9.2578
-836.264
-101.6684
159.3908
3.3511
-5.1742
-1.2853
-1.7731
-0.215
8.6006
0.125
2.5313
0.6364
0.0022
-0.443
-1.1494
-0.2955
0.3872
0.3135
-0.7187
-0.7466
-0.7167
-0.3241
0.4045
0.6451
0.7208
-0.9672
-0.1856
-1.7676
-1.374
-3.1959
-6.3742
-2.4047
-4.8462
0.8705
10.9412
-7.5196
12.7621
-19.762
0.0374
-1.8095
9.9041
1.1047
-1.1781
-1.0135
-0.9308
0.6695
1.177
-0.1165
0.9433
-0.3742
-0.9049
-0.5417
0.912
3.0222
1.2889
-1.7872
-1.4254
-0.8808
-0.7815
-0.6677
0.187
0.1318
-0.0076
-0.685
-1.685
-2.1819
-1.8157
-2.1532
-1.4196
-1.1132
-0.1104
0.1489
0.3269
0.6213
0.1896
-0.5072
-0.8593
-0.8326
-1.3249
-1.2925
-1.3344
-0.7594
-0.4463
-0.4149
0.1249
-0.1048
-0.6471
-0.6494
-0.9493
-0.9729
-1.3718
-0.6525
0.559
0.5085
0.3906
0.3805
0.4678
0.4006
0.0308
-0.3662
-0.7439
-0.7119
-0.6344
-0.8527
-0.7209
-0.6632
-0.5919
-0.5601
-0.8913
-0.8041
-1.1638
-2.3613
-4.1843
-1.7858
-0.3248
-0.2977
-0.4451
-0.537
-0.8266
-0.511
-0.4544
-0.7543
-0.9832
-0.9565
-0.6186
0.1947
-0.3271