1.6463
1.5756
1.9742
2.2611
2.1974
2.0575
1.7172
2.3725
2.306
2.1191
2.4157
1.4096
3.8946
2.4065
1.8386
2.1114
3.1242
2.9705
1.9035
1.4888
1.8692
1.4969
0.0
0.5385
1.0556
0.7824
0.6332
0.2035
0.5162
0.8879
1.3515
1.3276
1.7576
2.1775
1.8786
1.2376
1.0305
1.0879
0.828
0.8274
0.9078
0.9951
1.1652
0.8853
1.6574
1.6563
0.8819
0.5582
0.4692
0.4639
0.5949
0.3271
1.0898
1.987
2.2784
2.2662
2.2028
2.2017
2.4413
2.5912
1.8303
1.7323
1.9884
1.2637
1.2547
1.8791
1.5865
1.4128
1.1923
1.0444
1.0727
1.6266
1.3314
1.2464
1.9579
1.4579
1.0157
0.8398
0.9734
0.8724
0.6301
0.6425
1.3681
1.287
1.582
1.2337
0.8612
0.8696
0.9147
0.5445
0.5251
1.077
1.2004
1.2166
0.9473
0.7867
0.9913
0.7697
0.6815
0.9396
0.9579
1.0076
1.7228
1.2787
0.9019
0.745
0.9484
1.3854
1.7859
1.9796
1.7991
1.2487
1.0597
1.1328
0.6957
0.4939
0.518
0.6791
0.9923
1.1312
1.0055
1.3329
1.3425
1.5871
1.7087
1.566
1.5321
1.5152
2.2356
2.3111
2.0652
1.4855
1.0497
0.8006
1.0963
1.3891
1.0674
1.1034
0.9353
1.1237
1.34
1.4083
1.6099
1.3976
1.2926
1.0375
0.9067
0.954
1.5041
2.0312
1.2535
0.8374
0.751
0.9019
1.1568
1.0853
0.4218
0.7997
1.0
0.4549
0.4765
0.7519
1.2092
1.0449
0.9385
1.2739
0.9792
0.7598
0.6668
0.542
1.0703
1.515
1.6001
1.1419
0.8463
1.041
1.738
2.3064
1.867
1.097
0.6655
0.6708
0.5915
0.9111
1.5005
1.204
1.3918
2.1647
2.5032
3.002
2.5601
1.83
1.3185
2.7753
2.9875
2.9791
1.9881
1.6199
2.508
2.058
1.3325
1.0293
1.4324
1.9634
2.018
1.5855
2.131
2.1857
2.6812
2.2222
1.5191
1.4239
2.4919
3.3374
2.9328
2.7788
2.4265
2.16
2.4553
2.5479
2.2344
1.8484
2.4827
2.8468
3.0975
2.5969
1.5307
1.0202
1.1867
1.2601
1.8223
3.1806
2.7877
2.2586
1.6364
1.0377
1.0209
2.0238
3.0613
2.8885
3.1126
2.7949
1.5281
1.0676
1.4104
2.6454
1.9679
1.8281
1.5374
1.2709
0.7412
0.8761
1.1946
1.0487
0.7569
1.4908
1.1811
1.2605
1.3293
0.9291
1.3867
1.9536
2.2432
1.7159
0.7076
0.6959
0.6665
0.9079
1.6491
1.4612
1.6775
2.7292
1.9603
1.343
1.0133
1.0233
1.4139
2.2992
1.7184
1.7579
1.6064
0.9667
1.5887
1.2751
1.2863
1.3465
1.4383
1.766
1.3188
0.9556
0.8726
1.4057
1.3952
1.3562
1.0759
0.84
0.872
0.902
1.6658
1.2912
2.1965
1.88
2.4447
2.8057
1.9334
2.2633
1.5402
1.161
2.0077
2.2311
1.237
1.6141
1.7801
1.0818
1.1711
1.7795
1.6922
1.6331
0.7588
0.6288
1.1358
0.7152
1.2033
1.579
1.3231
0.9647
0.8389
1.1736
2.0486
1.9571
1.6032
1.5099
1.3562
0.6887
0.7858
0.9207
1.4436
2.2153
2.4604
2.1301
2.2218
1.8282
1.7204
1.3111
0.5572
0.6024
0.7303
0.8731
1.2647
1.5537
1.5517
1.9019
1.8711
1.9289
1.4622
1.0409
1.0006
0.7522
0.9448
1.3832
1.4248
1.6388
1.6602
2.002
1.4299
0.7169
0.5526
0.4167
0.4032
0.4902
0.5011
0.7121
1.0184
1.3872
1.3417
1.3823
1.616
1.558
1.5368
1.4995
1.4591
1.6106
1.54
1.7877
2.344
2.7753
2.0459
1.2469
1.1119
1.1462
1.2279
1.5037
1.1721
1.0319
1.3504
1.6591
1.6283
1.2705
0.7532
0.9503