0.0895
0.0895
0.0895
0.0895
0.0895
0.0895
0.0895
0.0895
0.0895
0.0895
0.0895
0.0895
0.0895
0.0895
0.0895
0.0895
0.0895
0.0895
0.0895
0.0895
0.0895
0.0895
0.0894
0.0894
0.0894
0.0894
0.0894
0.0894
0.0894
0.0894
0.0894
0.0894
0.0894
0.0894
0.0894
0.0894
0.0894
0.0894
0.0894
0.0894
0.0894
0.0894
0.0894
0.0894
0.0894
0.0894
0.0894
0.0894
0.0894
0.0894
0.0894
0.0894
0.0894
0.0894
0.0894
0.0894
0.0894
0.0894
0.0894
0.0894
0.0894
0.0894
0.0894
0.0894
0.0893
0.0893
0.0893
0.0893
0.0893
0.0893
0.0893
0.0893
0.0893
0.0893
0.0893
0.0893
0.0893
0.0893
0.0893
0.0893
0.0893
0.0893
0.0893
0.0893
0.0893
0.0893
0.0893
0.0893
0.0893
0.0893
0.0893
0.0893
0.0893
0.0893
0.0893
0.0893
0.0893
0.0893
0.0893
0.0893
0.0893
0.0893
0.0893
0.0893
0.0893
0.0893
0.0892
0.0892
0.0892
0.0892
0.0892
0.0892
0.0892
0.0892
0.0892
0.0892
0.0892
0.0892
0.0892
0.0892
0.0892
0.0892
0.0892
0.0892
0.0892
0.0892
0.0892
0.0892
0.0892
0.0892
0.0892
0.0892
0.0892
0.0892
0.0892
0.0892
0.0892
0.0892
0.0892
0.0892
0.0892
0.0892
0.0892
0.0892
0.0892
0.0892
0.0892
0.0892
0.0891
0.0891
0.0891
0.0891
0.0891
0.0891
0.0891
0.0891
0.0891
0.0891
0.0891
0.0891
0.0891
0.0891
0.0891
0.0891
0.0891
0.0891
0.0891
0.0891
0.0891
0.0891
0.0891
0.0891
0.0891
0.0891
0.0891
0.0891
0.0891
0.0891
0.0891
0.0891
0.0891
0.0891
0.0891
0.0891
0.0891
0.0891
0.0891
0.0891
0.0891
0.0891
0.089
0.089
0.089
0.089
0.089
0.089
0.089
0.089
0.089
0.089
0.089
0.089
0.089
0.089
0.089
0.089
0.089
0.089
0.089
0.089
0.089
0.089
0.089
0.089
0.089
0.089
0.089
0.089
0.089
0.089
0.089
0.089
0.089
0.089
0.089
0.089
0.089
0.089
0.089
0.089
0.089
0.089
0.0889
0.0889
0.0889
0.0889
0.0889
0.0889
0.0889
0.0889
0.0889
0.0889
0.0889
0.0889
0.0889
0.0889
0.0889
0.0889
0.0889
0.0889
0.0889
0.0889
0.0889
0.0889
0.0889
0.0889
0.0889
0.0889
0.0889
0.0889
0.0889
0.0889
0.0889
0.0889
0.0889
0.0889
0.0889
0.0889
0.0889
0.0889
0.0889
0.0889
0.0889
0.0889
0.0888
0.0888
0.0888
0.0888
0.0888
0.0888
0.0888
0.0888
0.0888
0.0888
0.0888
0.0888
0.0888
0.0888
0.0888
0.0888
0.0888
0.0888
0.0888
0.0888
0.0888
0.0888
0.0888
0.0888
0.0888
0.0888
0.0888
0.0888
0.0888
0.0888
0.0888
0.0888
0.0888
0.0888
0.0888
0.0888
0.0888
0.0888
0.0888
0.0888
0.0888
0.0888
0.0888
0.0887
0.0887
0.0887
0.0887
0.0887
0.0887
0.0887
0.0887
0.0887
0.0887
0.0887
0.0887
0.0887
0.0887
0.0887
0.0887
0.0887
0.0887
0.0887
0.0887
0.0887
0.0887
0.0887
0.0887
0.0887
0.0887
0.0887
0.0887
0.0887
0.0887
0.0887
0.0887
0.0887
0.0887
0.0887
0.0887
0.0887
0.0887
0.0887
0.0887
0.0887
0.0887
0.0886
0.0886
0.0886
0.0886
0.0886
0.0886
0.0886
0.0886
0.0886
0.0886
0.0886
0.0886
0.0886
0.0886
0.0886
0.0886
0.0886
0.0886
0.0886
0.0886
0.0886
0.0886
0.0886
0.0886
0.0886
0.0886
0.0886
0.0886
0.0886
0.0886
0.0886
0.0886
0.0886
0.0886
0.0886
0.0886
0.0886
0.0886
0.0886
0.0886
0.0886