10474.5966
8862.8692
9857.2146
8781.9523
6821.8381
6318.6702
5404.2771
7516.7223
5383.1116
3743.4429
4596.728
2824.3184
9958.9378
6327.8811
5877.9593
7207.6317
22415.8157
44685.527
132417.9112
256935.3825
76351.1411
57553.2182
inf
635564.6401
23706.3129
190015.2781
849606.6875
1928047.0916
32066.8137
14788.078
17473.9397
11015.1741
10355.8855
11736.5143
10479.3226
8296.8171
9561.3636
13596.0325
9137.2871
7517.2978
7617.7611
8528.6525
10005.3219
6242.6176
12024.9854
11056.3739
4798.5581
3565.3952
4358.1632
11223.5516
53031.8484
600756.752
43073.2374
21287.4922
27431.0429
31596.6422
36254.7429
38428.111
31007.3358
17784.9839
7444.6428
5840.7161
6751.5212
4752.9066
4986.8411
8695.0777
6974.7241
7240.3243
7479.174
7861.6044
9131.6725
15604.7488
12379.9686
11721.886
16946.1516
10223.3828
5493.7903
6262.193
9753.9519
7874.8879
4225.2451
3778.6696
7972.177
6038.2448
9630.6066
9497.7439
7787.8926
14211.2106
29470.5179
11210.5512
6684.9449
13565.1998
18110.7732
14633.9566
7273.2414
4646.6967
5573.3334
3960.4007
3567.3247
5307.2261
4742.7511
4178.7417
7511.7478
5215.2864
3724.3027
3545.266
5449.9957
8168.6705
11331.2859
12352.1366
10781.6663
6724.8889
5605.2145
6904.6525
4354.8447
3234.858
3518.9402
4575.5413
6130.5578
5843.8574
4018.6867
4918.0391
4159.6965
3615.6906
3071.9166
2364.4101
2118.2512
2026.5945
3681.7665
4606.4994
4587.8473
3283.0973
2264.0666
1901.5055
4093.2107
8684.716
7854.7426
8148.6551
6311.8309
9407.4633
17312.0914
30600.5573
32516.048
17705.5742
10925.8001
5722.0858
3364.2259
2498.0685
3620.113
5111.8588
2947.5188
1697.8201
1133.7739
1000.0067
2282.2838
6008.0597
39889.1905
13397.2839
85753.4205
216868.6278
44885.254
6919.0019
5444.1959
4386.7839
4371.0784
6937.4018
5454.821
6088.6881
11163.6144
24394.1812
104552.7318
76534.5778
25642.739
5871.8767
2058.9315
2347.4408
5532.0776
12587.8976
17322.9818
16173.6777
15567.1581
22257.7193
12576.4955
13244.0686
15670.6351
6594.2345
4199.6916
4202.1555
3076.7458
2736.1827
2241.9557
1603.2055
1144.9888
3565.6865
4898.4932
5381.4505
2645.2325
1578.3996
2737.4393
2133.9345
1235.6216
894.1358
1279.8974
1959.0217
2047.6301
1467.3746
2042.7719
1964.7627
2407.1271
1847.2083
1115.6023
1016.4443
2120.3741
3408.1619
3600.0116
4447.7338
4179.7489
3303.7356
4277.3364
8446.252
10325.8651
9067.944
13724.2052
17403.8639
19651.0106
13026.2101
5934.15
3199.953
3619.5971
3510.3633
5293.8386
9784.8764
7445.7375
5240.4966
3622.4473
2187.4876
2060.9325
4919.6472
8249.5524
6920.404
7509.3429
6955.9012
3791.43
2801.1524
3993.9128
7290.4562
4591.7423
5033.386
6201.438
4742.1551
2394.2989
14388.2185
60662.0889
14559.1692
4335.6787
8149.401
5202.8474
4799.693
4794.6667
4561.6711
5934.9845
7754.0034
18785.6071
34630.7792
73589.1214
68607.1745
49512.0604
17406.7591
15115.6851
5901.5086
4344.2448
5517.6391
2576.4258
1421.0891
953.4227
1005.5473
1860.1462
4198.4383
2734.9365
2652.206
2448.7146
1220.4878
2310.8218
1958.7787
3020.3915
4276.7209
6259.52
9756.7991
7608.8955
6690.0878
9293.6125
34828.8636
56144.4294
60179.8262
27107.6875
8607.1696
5684.3378
4955.9107
9533.2462
6682.9068
14978.3765
9436.162
7267.8579
6053.8544
3734.8682
4156.791
2168.354
1366.6867
2773.6844
2533.9767
1175.401
2239.2856
2878.296
1302.8897
2769.6795
9442.335
12236.8327
15927.0837
6894.07
4751.0067
10101.7586
5322.0685
17024.8851
47227.7073
18305.5774
3823.275
1779.9778
2583.0885
8464.9154
13304.0685
13493.7093
19087.2185
34799.8931
23300.4144
18814.6844
16904.0447
17114.3806
19771.8728
15385.4297
10811.2231
9044.5127
5583.2274
4893.7248
5483.5105
48905.7397
21659.8286
7881.3228
11973.4855
22536.3845
28100.0346
18747.9447
14241.6199
12982.605
16929.9219
28024.7505
71045.9409
74600.1212
21890.5195
20979.723
22610.6565
15856.296
24675.0133
22824.3669
23804.6938
15476.161
9011.0986
16188.7958
40759.4386
45449.1613
22733.5894
26432.4045
36338.6243
47722.7739
59828.1371
67008.8343
20723.7851
7217.7176
6817.5982
6467.6768
6654.1204
7857.1892
13376.587
15852.6805
12521.7773
9840.8262
8083.5647
8397.6689
11397.8006
19945.8975
34208.9937
35483.7365
39971.988
44487.6438
80769.3983
115308.612
121278.8086
76148.4287
48886.5998
17783.2373
57405.5084