272.1824
272.1899
272.1974
272.2048
272.2123
272.2198
272.2272
272.2347
272.2422
272.2497
272.2571
272.2646
272.2721
272.2795
272.287
272.2945
272.3019
272.3094
272.3169
272.3243
272.3318
272.3393
272.3467
272.3542
272.3617
272.3691
272.3766
272.3841
272.3915
272.399
272.4065
272.4139
272.4214
272.4289
272.4363
272.4438
272.4513
272.4587
272.4662
272.4737
272.4811
272.4886
272.4961
272.5035
272.511
272.5185
272.526
272.5334
272.5409
272.5484
272.5558
272.5633
272.5708
272.5782
272.5857
272.5932
272.6006
272.6081
272.6156
272.623
272.6305
272.638
272.6454
272.6529
272.6604
272.6678
272.6753
272.6828
272.6902
272.6977
272.7052
272.7126
272.7201
272.7276
272.735
272.7425
272.75
272.7574
272.7649
272.7724
272.7798
272.7873
272.7948
272.8023
272.8097
272.8172
272.8247
272.8321
272.8396
272.8471
272.8545
272.862
272.8695
272.8769
272.8844
272.8919
272.8993
272.9068
272.9143
272.9217
272.9292
272.9367
272.9441
272.9516
272.9591
272.9665
272.974
272.9815
272.9889
272.9964
273.0039
273.0113
273.0188
273.0263
273.0337
273.0412
273.0487
273.0562
273.0636
273.0711
273.0786
273.086
273.0935
273.101
273.1084
273.1159
273.1234
273.1308
273.1383
273.1458
273.1532
273.1607
273.1682
273.1756
273.1831
273.1906
273.198
273.2055
273.213
273.2204
273.2279
273.2354
273.2428
273.2503
273.2578
273.2652
273.2727
273.2802
273.2876
273.2951
273.3026
273.31
273.3175
273.325
273.3325
273.3399
273.3474
273.3549
273.3623
273.3698
273.3773
273.3847
273.3922
273.3997
273.4071
273.4146
273.4221
273.4295
273.437
273.4445
273.4519
273.4594
273.4669
273.4743
273.4818
273.4893
273.4967
273.5042
273.5117
273.5191
273.5266
273.5341
273.5415
273.549
273.5565
273.5639
273.5714
273.5789
273.5864
273.5938
273.6013
273.6088
273.6162
273.6237
273.6312
273.6386
273.6461
273.6536
273.661
273.6685
273.676
273.6834
273.6909
273.6984
273.7058
273.7133
273.7208
273.7282
273.7357
273.7432
273.7506
273.7581
273.7656
273.773
273.7805
273.788
273.7954
273.8029
273.8104
273.8178
273.8253
273.8328
273.8402
273.8477
273.8552
273.8627
273.8701
273.8776
273.8851
273.8925
273.9
273.9075
273.9149
273.9224
273.9299
273.9373
273.9448
273.9523
273.9597
273.9672
273.9747
273.9821
273.9896
273.9971
274.0045
274.012
274.0195
274.0269
274.0344
274.0419
274.0493
274.0568
274.0643
274.0717
274.0792
274.0867
274.0941
274.1016
274.1091
274.1166
274.124
274.1315
274.139
274.1464
274.1539
274.1614
274.1688
274.1763
274.1838
274.1912
274.1987
274.2062
274.2136
274.2211
274.2286
274.236
274.2435
274.251
274.2584
274.2659
274.2734
274.2808
274.2883
274.2958
274.3032
274.3107
274.3182
274.3256
274.3331
274.3406
274.348
274.3555
274.363
274.3704
274.3779
274.3854
274.3929
274.4003
274.4078
274.4153
274.4227
274.4302
274.4377
274.4451
274.4526
274.4601
274.4675
274.475
274.4825
274.4899
274.4974
274.5049
274.5123
274.5198
274.5273
274.5347
274.5422
274.5497
274.5571
274.5646
274.5721
274.5795
274.587
274.5945
274.6019
274.6094
274.6169
274.6243
274.6318
274.6393
274.6468
274.6542
274.6617
274.6692
274.6766
274.6841
274.6916
274.699
274.7065
274.714
274.7214
274.7289
274.7364
274.7438
274.7513
274.7588
274.7662
274.7737
274.7812
274.7886
274.7961
274.8036
274.811
274.8185
274.826
274.8334
274.8409
274.8484
274.8558
274.8633
274.8708
274.8782
274.8857
274.8932
274.9006
274.9081
274.9156
274.9231
274.9305
274.938
274.9455
274.9529
274.9604
274.9679
274.9753
274.9828
274.9903
274.9977
275.0052
275.0127
275.0201
275.0276
275.0351
275.0425
275.05
275.0575
275.0649
275.0724
275.0799
275.0873
275.0948
275.1023
275.1097
275.1172
275.1247
275.1321
275.1396
275.1471
275.1545
275.162