3.9781
3.5355
2.9796
2.7283
2.9523
3.8024
4.4590
3.8602
2.4056
1.4276
1.1784
1.2263
1.5550
2.0616
2.3510
2.1685
1.7351
1.3767
1.2260
1.4264
2.1357
3.1770
3.9298
4.3625
4.9651
4.9243
3.7509
2.8484
2.8708
3.6739
5.1928
5.9877
5.2145
3.8442
2.8200
2.4067
2.2127
1.9207
1.5375
1.2138
1.1375
1.4472
2.7165
5.4413
7.4059
6.1911
4.0608
2.8931
2.0176
1.5973
1.7735
2.3880
3.0126
3.1254
2.8051
2.4040
2.2324
2.3647
2.5716
2.9942
3.6587
3.6563
2.8093
2.0694
1.8257
2.0019
2.6046
3.3262
3.2525
2.2034
1.3139
1.1185
1.2830
1.7163
2.3826
2.8371
2.8028
2.5310
2.2041
1.9778
2.0818
3.0124
5.2841
7.7415
7.8110
5.2860
2.9966
2.1822
1.9444
2.0289
2.4645
2.7436
2.7723
2.8199
2.7554
2.5786
2.4282
2.5414
2.9818
3.5308
4.0295
3.8542
3.1581
2.9159
3.4907
5.2712
7.6796
7.7095
4.9840
2.8167
2.1994
2.3884
3.5491
5.3252
5.2889
3.3909
2.1736
2.0065
2.8406
8.1419
24.5467
48.7325
61.6363
54.7200
35.8839
18.7143
10.2860
6.6700
5.4926
5.7150
6.5702
7.2025
6.2833
4.1502
2.6952
2.3414
2.5318
3.0411
3.5426
3.5352
3.1953
2.8862
2.4926
2.1204
2.8012
6.6585
13.8466
17.8077
13.9865
7.8459
4.6073
3.9012
4.0889
4.1623
4.0341
3.9144
3.7418
3.5102
3.2842
3.0578
2.9451
3.1278
3.5677
4.0645
4.0044
3.1639
2.2952
1.9622
2.1518
2.8219
3.6883
4.3300
4.7223
5.5690
8.6835
14.6474
20.5957
25.2223
27.0281
21.1265
12.2936
7.6428
6.0599
6.0792
7.0884
8.7985
10.8372
12.5911
13.0496
12.2915
11.4977
10.5622
9.3809
8.9298
9.5034
10.9861
13.9303
18.7256
24.1593
27.9094
29.2939
29.9949
31.1566
32.7514
34.5654
34.3305
30.2374
25.4117
22.6889
20.9926
19.4643
18.8309
18.4887
18.0893
19.0622
20.3872
20.5950
19.9280
18.7873
18.1334
18.8449
21.3178
24.4204
25.2009
23.4903
21.3819
19.7662
19.3117
20.1607
21.3359
22.3445
23.5854
25.3492
28.5173
33.1062
36.1214
35.0641
31.7406
28.7653
25.6770
21.1588
16.1684
12.3289
9.7852
8.7499
9.0922
10.0011
10.8776
11.0181
10.3903
9.2959
7.8986
6.4747
5.6592
5.9390
7.0285
8.8285
10.0462
8.4255
5.9896
5.0541
4.6329
4.6822
5.2045
5.4135
5.2365
5.3071
5.6353
6.3260
8.7390
13.0654
15.5643
14.5834
12.5955
11.4972
12.1223
13.7875
15.3486
16.2037
15.6042
13.7626
12.4360
12.3751
13.4542
16.3097
20.5346
22.5312
20.1774
14.9511
10.4510
9.2023
10.3763
13.3705
16.7528
17.2290
13.6529
9.5931
7.9427
8.1356
8.8481
10.3867
15.2217
22.9520
27.9714
28.7207
27.1679
22.2443
15.6898
11.6925
10.8111
12.0978
16.1674
22.4361
26.5023
24.9561
20.6245
16.9365
14.6454
15.1407
19.0033
26.0352
37.5727
51.1135
59.0087
62.5741
66.0177
62.5417
48.1325
34.4889
28.9466
27.9478
30.4340
32.7107
32.1681
32.2118
36.5466
45.5548
57.8918
66.9815
65.9773
60.7948
56.4936
50.8330
46.5042
44.5042
42.1589
38.9416
36.9199
35.5925
31.2679
25.7076
21.5230
18.2342
17.5031
21.1110
32.4304
64.4192
111.2440
121.7855
89.8435
56.1898
35.0192
26.0194
21.9315
18.4010
15.8583
15.3968
17.4238
23.5390
33.1010
38.5199
36.2840
32.1203
28.6727
25.6370
23.8393
21.8332
18.5511
16.0469
16.1184
18.6814
24.0323
31.6979
36.1137
33.6164
27.5055
22.0644
19.2565
18.9431
20.8325
25.3337
32.9891
44.4985
59.0462
70.5101
72.1786
65.5609
55.7449
47.7212
43.5604