72.9991
73.4125
75.2622
77.4957
79.2803
79.9204
79.3750
80.3433
86.6076
94.2327
97.5797
96.5453
92.3371
86.6231
82.2348
82.7264
89.1441
94.0734
94.8973
92.6625
86.2011
79.1802
73.8969
70.9495
71.7656
74.1298
74.8657
75.9536
76.2675
74.0768
69.8542
66.4715
66.7206
69.8690
72.7468
75.0000
78.0510
82.9862
88.9468
93.4914
93.1873
86.1978
74.9517
65.3491
62.2510
64.6018
70.9529
79.4509
86.7446
89.4102
85.4400
77.5182
71.9576
72.0494
74.4935
77.5547
79.6396
78.9541
75.7045
72.0876
70.5618
72.0614
76.5100
81.9899
84.6288
82.9998
79.0117
76.2737
77.2064
85.6243
94.1038
95.6950
92.0596
85.0124
77.9701
73.6449
72.3657
72.8647
74.0178
75.3355
75.6075
74.6362
71.5417
68.0872
64.5628
65.5904
70.6833
74.8304
78.6742
78.9223
75.8067
73.0121
72.0803
71.9741
72.4433
73.5024
74.2789
73.4867
71.2454
69.3315
68.8230
69.6095
70.3002
69.8631
69.1546
67.9437
66.8513
65.8310
67.3768
71.8611
76.2389
76.3928
71.4836
67.2227
68.4131
72.3649
75.9647
78.6090
78.4150
74.4116
68.5516
64.0721
62.4117
63.0392
64.2624
65.0913
65.3928
65.8206
66.5742
66.8189
66.0444
65.1037
65.9212
70.2972
76.3027
78.3472
75.9106
71.8945
69.8936
70.5532
72.4531
76.2912
80.6277
83.8968
79.5073
69.2309
61.4675
60.3135
60.5281
61.3446
62.9609
64.3701
65.1231
65.5503
66.1833
67.3161
68.7858
70.0711
71.0213
71.6790
71.6623
70.4477
68.1590
65.9258
66.5440
70.0996
74.5303
77.2972
76.3737
72.5772
68.7794
67.0696
66.9191
66.2651
64.3005
61.8179
59.6754
58.1980
57.4338
57.5855
58.7123
60.4484
61.8096
62.0370
61.1779
59.7929
58.8098
58.5977
58.6244
58.6635
59.0324
59.9329
61.0983
61.9921
62.4747
62.6675
62.5710
62.3328
62.2521
62.5003
62.8840
62.8397
62.1101
61.0626
60.1229
59.6489
59.8527
60.5409
61.3765
62.0269
62.2243
62.0020
61.7457
61.6543
61.5651
61.3619
60.8369
59.9967
59.2539
58.8535
58.8269
58.9904
59.1078
59.1799
59.2738
59.3967
59.4698
59.3728
59.1586
59.0443
59.1018
59.1169
58.8652
58.3235
57.5948
56.8456
56.1699
55.6486
55.4704
55.7222
56.3218
57.1554
58.1237
59.0144
59.4317
59.1807
58.6441
58.4034
58.6936
59.5999
61.3007
63.7081
66.2411
67.2772
66.3780
64.3176
61.8963
60.1342
60.9083
63.5719
65.5576
65.5145
64.0869
62.3635
61.2501
61.9539
64.5359
67.3098
68.6257
67.6587
65.0022
62.4882
61.3348
61.6033
62.6157
63.1598
62.5806
61.3530
60.1612
59.3359
59.0331
59.3278
59.9810
60.3876
60.0310
58.9401
57.7822
57.3639
58.7657
60.8216
61.7353
60.9191
59.6025
59.3834
60.1610
61.7446
63.9646
65.7540
65.8509
64.8142
63.0106
60.8655
58.8562
57.6202
57.1078
57.2559
58.3086
59.8729
61.1044
61.3592
60.4681
58.8826
57.4234
56.8388
57.4578
58.8589
60.3776
60.9059
60.3243
59.5279
58.9287
58.6892
58.6988
58.6644
58.3777
58.0504
57.8923
57.9519
58.2542
58.7696
59.3756
59.8370
59.8440
59.3976
58.8189
58.2375
57.6856
57.1826
56.8407
57.3315
61.0266
65.2464
65.8948
63.0068
59.1825
57.2707
57.1307
57.6909
58.6671
59.6235
60.3678
61.1113
62.0803
63.4029
64.8378
65.7672
65.6895
64.3561
61.9506
59.3448
57.7406
57.5923
58.0766
58.9479
59.6229
60.0350
59.7656
59.2250
58.2874
57.5292
56.9458
57.5259
59.4522
61.7502
62.9410
61.8569
60.1425
59.1895
58.7480
58.7288
59.0318
58.9341
58.0607
57.2620
57.2802
57.6910
58.3307
58.9051
59.1949
59.4191
59.5589
59.3349
58.8074
58.1259
57.4717
57.0085
56.7660
56.6351
56.5440
56.4604