5.8098
6.6330
6.8650
3.4800
6.0758
5.7900
9.4795
8.5772
6.2996
4.0220
1.6638
2.7443
11.2028
5.9260
3.2537
12.4384
14.2434
2.3325
1.0159
1.8581
5.8225
10.0535
4.6695
8.4769
7.5176
8.3223
10.5076
4.5808
5.1535
10.9656
26.7787
40.8813
28.3998
7.8173
4.7402
3.3761
2.4543
2.6751
2.6456
2.6040
1.7156
4.2765
10.6973
20.0192
22.5542
22.4805
15.0794
14.0483
8.9477
2.6667
3.5183
5.4820
13.1733
15.5887
8.7230
4.7536
4.7084
5.8598
3.5178
2.6497
6.1958
7.8902
6.7303
2.6962
1.5822
2.6992
5.2630
7.1696
8.2231
5.7162
2.7145
1.1682
5.4034
8.3690
4.8248
16.0287
13.0429
10.0462
6.0709
2.0949
3.2939
9.3738
11.8590
9.4551
11.3446
16.8275
15.9530
8.0383
2.5031
5.2372
5.0410
4.4450
5.1667
7.8482
3.8582
8.1085
3.2607
4.3168
4.6888
6.8881
10.4776
6.9007
3.3398
2.1748
3.2120
6.1587
8.0176
8.1502
6.2221
5.3813
1.3356
2.9813
8.8298
13.4529
12.0414
8.6090
5.1820
2.5653
4.4694
15.9764
47.8458
49.3100
49.1501
43.5763
35.5744
38.6018
15.7567
8.9181
7.3437
6.8978
12.0617
14.6775
10.9946
7.0048
3.9137
2.5093
3.9657
9.6151
12.1411
9.3231
4.8115
3.3878
4.7635
5.0346
3.4744
5.2392
15.2392
31.0650
27.7148
17.0449
5.6868
2.9348
3.7282
6.0386
6.5443
5.0381
4.4044
6.1610
5.3799
2.6780
2.4168
3.3382
5.0372
7.5367
8.2049
5.1213
4.7006
1.9336
3.3258
9.4950
11.9310
12.1298
11.4595
6.6127
8.7795
15.1910
25.5327
67.2063
82.9566
53.2164
28.8506
17.7106
7.3204
3.1373
4.3678
12.7327
33.6589
65.8687
96.4400
27.3619
18.3990
20.0222
13.7111
9.7562
13.5521
13.2253
13.2276
16.0346
22.5311
28.8169
25.9173
22.2927
25.2941
26.0496
49.0435
58.8122
33.5536
28.9006
22.9736
45.1291
88.1675
36.3702
93.7768
130.7051
37.8412
30.0602
25.9090
25.3476
19.5691
19.2357
24.1557
29.7444
41.4212
55.4998
43.4971
29.2378
22.8984
20.1148
22.9762
34.1475
26.2929
19.8414
19.5314
67.6425
56.3802
42.8576
133.0658
215.6796
44.5658
23.7534
28.9864
24.6240
22.4096
13.3804
12.0589
12.3675
13.3206
14.7678
16.2897
12.8459
9.1758
8.0259
9.0748
9.5793
5.3840
21.5007
54.3997
93.2715
37.3783
21.4232
8.7896
11.9754
13.7577
7.2247
2.9422
9.2102
16.0254
10.7068
4.3475
10.1214
24.4869
40.7403
30.5933
14.8297
10.5842
12.7242
25.7571
22.2160
22.9156
23.2789
20.9094
16.4935
12.3775
15.8655
30.9495
36.2631
61.6310
43.3221
22.6414
14.3149
7.3396
12.5916
30.3238
43.8515
46.0613
14.6937
10.2028
20.5412
10.9222
13.6266
26.9894
32.2406
30.4764
29.0175
30.1518
34.4700
39.1712
31.9516
8.0946
2.6840
5.9906
17.9337
25.5520
202.7715
231.8402
114.4541
30.9056
30.1303
30.4216
86.2828
101.7445
74.7644
87.6374
87.2890
101.5995
110.8520
109.5077
64.5756
36.7200
48.4783
49.4557
46.8885
51.5739
41.9442
39.2359
62.0754
108.5084
91.3468
81.2456
74.7540
70.8282
98.4852
83.4209
62.9702
99.7087
86.8440
134.4072
80.7571
39.1555
39.8130
34.5921
22.8420
18.1118
16.6631
23.0245
69.7950
239.8944
577.2629
652.6766
309.1708
66.8619
36.5344
27.8275
27.7319
25.0273
13.6528
9.0649
15.2464
34.4909
76.5376
101.6263
68.4817
47.1252
90.8068
126.0100
59.5586
21.6694
16.1692
13.1709
13.4019
33.1999
68.3600
79.3008
65.1700
75.0205
93.5714
41.0710
13.6764
13.6691
19.2344
28.6131
39.8130
54.1807
78.4321
106.2787
107.1116
120.2708
51.6731
38.7327
44.7816