38.9773
34.9235
31.1224
29.0713
27.1042
24.6165
24.1450
25.9104
28.0343
30.1427
30.8653
29.1572
25.2536
22.6722
21.1290
21.3073
25.7795
33.2893
36.8747
32.7690
27.2614
24.3016
22.9166
21.2875
20.0030
19.8838
20.1760
20.7362
20.9872
20.0994
18.4184
17.8759
19.1014
21.2600
23.7610
26.1338
28.2071
29.8983
31.1228
31.9070
31.7196
28.5965
22.6429
18.2002
16.7256
16.7336
17.5014
19.1757
21.5905
23.2823
23.3811
22.9182
22.1347
22.4586
23.7161
25.4480
26.9914
26.4677
25.0322
24.6032
22.1518
21.0492
21.9006
23.1313
23.3068
21.8900
19.7913
18.3391
18.2897
19.9073
22.8577
25.1967
24.1196
21.6234
21.1262
18.3912
18.5098
20.1859
22.7382
23.7866
23.0351
20.3804
17.4790
15.5818
15.3566
16.8939
20.1474
23.3719
25.3341
25.9871
25.7747
25.5313
25.6901
26.3076
27.1903
28.0376
28.6911
28.6888
26.9214
24.1302
22.2429
23.0163
26.2131
28.4307
26.4636
21.7280
18.1214
17.5970
19.2314
21.9472
23.8443
23.4281
20.2286
17.2334
16.9165
18.5949
20.4827
21.1860
19.5555
15.8591
11.9787
9.8568
9.0435
9.1405
10.5297
12.5824
14.4805
16.7981
18.4133
17.9587
16.2244
15.1332
15.7081
18.2715
21.8296
24.6045
25.0684
23.5489
22.5211
23.7295
25.6968
26.1944
24.4727
23.6807
22.6397
20.8017
18.2384
16.3284
15.7697
17.3584
20.5851
23.9190
25.1040
18.6994
19.6204
20.5385
21.3392
21.9226
22.2507
22.5486
22.8494
23.2868
23.7175
24.1381
24.6983
25.3148
25.8487
26.1450
25.3323
23.1932
20.7443
18.9064
18.1824
18.2707
17.8750
16.2177
14.3867
14.1904
15.3454
16.3818
17.1908
18.4438
19.8473
20.9260
21.0648
19.6490
17.3905
15.7600
14.7847
14.4840
15.3112
16.6741
17.4914
17.7204
17.0552
14.4253
11.7895
11.0916
11.8685
13.0066
14.9585
17.0347
17.1263
15.6409
15.8309
18.1963
19.0844
17.7564
17.3446
20.7740
25.9448
29.5251
29.7925
29.0385
27.6329
25.9626
24.4720
23.3008
21.9752
20.0128
17.7425
16.0831
15.5373
15.9598
16.8954
18.0920
18.9753
19.1925
18.7124
17.5891
16.1136
14.8411
13.9196
13.3299
13.0234
12.9437
13.0172
13.0907
13.5521
14.0450
14.8782
15.8289
16.8030
17.7956
18.8674
18.9723
17.4288
15.6842
15.8178
18.9369
19.9783
19.8046
19.6103
17.5136
16.1486
14.9526
11.9099
10.0067
12.2044
15.4430
18.0461
18.3662
17.6288
16.7755
16.5584
17.2296
18.3219
18.9260
18.4209
16.9907
15.7755
15.6903
17.3296
20.6928
23.5747
23.4837
20.5715
17.3718
15.5758
15.6296
16.8050
17.4705
16.6769
15.1022
13.1163
11.5945
10.7700
10.9979
13.2173
15.0183
15.2059
14.0429
12.7555
10.8199
10.9447
12.2796
14.0268
15.5904
16.5548
16.5506
16.4883
16.0579
15.6618
15.4293
15.5956
17.7864
21.9071
27.0349
32.6561
37.3502
39.2221
39.5417
39.8235
40.0737
41.0513
42.6189
44.5674
46.8110
48.6539
38.9376
32.7423
28.9171
25.5305
20.0508
17.4375
17.7070
18.6038
22.1641
30.3971
43.7697
61.1531
75.9902
82.8703
81.6541
73.5162
61.0704
48.8182
39.3628
32.6727
28.2267
24.7575
21.5700
19.5564
19.3727
21.4038
25.5905
30.0673
33.9373
37.1013
39.7519
42.7164
46.5822
50.1297
51.6698
34.3255
17.5981
17.8935
17.2264
15.9929
15.7099
16.6171
18.9980
23.1304
29.0916
34.2954
37.4115
37.4262
32.7249
27.0735
23.5983
22.8442
23.7183
25.3464
27.1161
27.2785
24.8333
20.5441
16.5213
14.2192
13.5864
14.5009
17.2971
21.5864
25.8529
28.6874
30.2267
31.8244
33.7436
34.3500
32.9147
29.5385
26.0408
22.9639
21.6912
21.2671
20.8576
20.0715
18.8545
18.3142
18.7855