3.7167
3.3732
2.8530
2.5985
2.8215
3.6288
4.1578
3.5827
2.2818
1.3839
1.1476
1.1930
1.5123
1.9897
2.2514
2.0876
1.7084
1.3934
1.2661
1.4472
2.0988
3.1388
4.0007
4.5077
5.1120
5.0360
3.7824
2.8440
2.7916
3.4300
4.7841
5.6365
5.1274
3.9685
2.9999
2.5535
2.3043
1.9737
1.6008
1.3186
1.3189
1.7461
3.0568
5.7588
7.8094
6.7204
4.4038
3.1166
2.1753
1.6816
1.7770
2.2901
2.8912
3.0180
2.6939
2.3130
2.1536
2.2802
2.4778
2.8686
3.4601
3.4347
2.6518
1.9969
1.7994
1.9266
2.3928
2.9864
2.9419
2.0861
1.3270
1.1210
1.2268
1.6180
2.2900
2.7468
2.7193
2.5082
2.2604
2.0670
2.1355
2.9242
4.9432
7.3738
7.7685
5.4776
3.1569
2.2528
1.9670
2.0233
2.4418
2.7337
2.7715
2.8226
2.7760
2.6045
2.4431
2.5341
2.9203
3.4065
3.9089
3.8540
3.2575
3.0235
3.5195
5.0812
7.5359
8.0359
5.5060
3.1201
2.3118
2.3415
3.2214
4.8039
4.9409
3.3681
2.3088
2.1470
2.9341
8.1792
24.8274
49.5229
62.5452
55.5048
36.9711
19.8723
10.9455
6.9004
5.5458
5.7170
6.5650
7.3484
6.7304
4.7059
3.1229
2.6542
2.8024
3.3491
3.9590
3.9886
3.6059
3.2172
2.7259
2.4284
3.1178
6.3647
12.7900
17.0834
15.6495
10.2980
6.2345
4.7899
4.7558
4.8968
4.8335
4.7123
4.5168
4.2091
3.8859
3.5966
3.4227
3.5375
3.9649
4.5537
4.7429
3.9660
2.8726
2.3424
2.4706
3.1543
4.0846
4.8200
5.2799
6.0031
8.8481
15.0101
21.5114
26.2201
28.1367
22.8680
14.1157
8.8140
6.6835
6.5024
7.5387
9.4143
11.6888
13.6955
14.3405
13.2914
12.0914
10.8909
9.5762
9.1667
9.8074
11.4368
14.6552
19.4244
24.1155
26.8330
27.4961
27.6471
28.2546
29.3191
30.5165
29.9597
26.5482
22.9445
21.0092
19.6594
18.5172
18.2814
18.3112
18.2446
19.2763
20.3396
20.2702
19.5576
18.4465
17.8215
18.5684
21.0617
24.4350
25.6384
24.0891
21.9629
20.2188
19.5831
20.2953
21.4128
22.4719
23.9017
25.9046
29.3277
34.3438
37.7761
37.0796
34.0611
30.9459
27.4639
22.7043
17.4621
13.2003
10.2662
9.0377
9.1996
9.8269
10.5043
10.5650
9.9881
8.9936
7.5805
6.0731
5.2800
5.6761
6.7847
8.5318
9.8180
8.2790
5.8087
4.8236
4.3184
4.2755
4.7573
4.9399
4.7219
4.7457
5.0454
5.5938
7.4403
11.0764
13.6009
13.0278
11.1952
10.1472
10.6365
12.1873
13.8623
14.9424
14.5520
13.0488
12.1819
12.5194
14.1154
17.5773
21.7469
23.0810
20.6487
15.9145
11.8394
10.7907
12.1324
15.4984
19.5577
20.8320
17.0947
12.1315
9.6933
9.6908
10.5498
12.1338
17.4772
26.6035
32.8855
34.0415
31.9030
25.5896
17.9107
13.5329
12.8147
14.4143
18.6598
25.4075
30.3617
29.3428
24.1626
19.5095
16.5334
16.7513
20.7045
28.3739
41.1156
55.9046
64.3425
68.1543
72.1094
68.8054
53.9665
39.9987
34.3737
33.3791
36.6116
39.7489
39.2153
39.2398
44.4059
54.4876
68.0303
78.0266
75.9500
68.5984
62.3099
55.0081
50.7535
49.9761
48.7690
46.3768
45.5349
45.5836
41.1378
34.1861
28.6137
24.0868
22.6748
26.8076
39.8884
73.8503
122.5440
130.7688
97.7304
65.5533
43.2131
32.2726
27.1148
22.9366
19.9482
19.3147
21.6546
28.6702
40.4936
46.9632
43.5337
37.3806
32.3567
28.6251
27.1297
25.6489
22.1991
19.2842
19.5335
22.4150
27.9135
36.0037
41.2493
38.8170
31.8696
25.7440
22.5487
22.0260
23.9373
28.6572
36.3800
47.2272
60.5800
71.5528
73.5354
68.0171
59.6887
52.1701
47.9191