0.7302
0.7302
0.7289
0.7290
0.7290
0.7296
0.7338
0.7363
0.7472
0.7875
0.8287
0.8044
0.7672
0.7623
0.7645
0.7646
0.7460
0.7409
0.7440
0.7254
0.7242
0.7433
0.7628
0.7671
0.7545
0.7525
0.7773
0.7943
0.7902
0.7775
0.7732
0.7787
0.7813
0.7725
0.7610
0.7514
0.7480
0.7582
0.7778
0.7850
0.7744
0.7664
0.7737
0.7870
0.7898
0.7815
0.7662
0.7505
0.7398
0.7434
0.7601
0.7546
0.7580
0.7589
0.7517
0.7427
0.7398
0.7464
0.7534
0.7579
0.7589
0.7534
0.7361
0.7152
0.7110
0.7255
0.7387
0.7351
0.7266
0.7758
0.8058
0.7537
0.7080
0.7065
0.7295
0.7459
0.7529
0.7504
0.7471
0.7412
0.7390
0.7397
0.7498
0.7610
0.7768
0.7706
0.7570
0.7681
0.7786
0.7791
0.7718
0.7653
0.7613
0.7613
0.7653
0.7687
0.7659
0.7625
0.7655
0.7689
0.7668
0.7615
0.7597
0.7630
0.7662
0.7722
0.7760
0.7792
0.7739
0.8024
0.8597
0.8609
0.8323
0.7993
0.7813
0.7846
0.8043
0.8180
0.8217
0.8271
0.8275
0.8246
0.8198
0.8168
0.8243
0.8190
0.8011
0.7811
0.7705
0.7676
0.7688
0.7737
0.7738
0.7582
0.7341
0.7280
0.7369
0.7468
0.7503
0.7514
0.7639
0.7862
0.8137
0.8249
0.8177
0.7938
0.7788
0.7752
0.7781
0.7835
0.7837
0.7816
0.7792
0.7780
0.7730
0.7651
0.7591
0.7603
0.7591
0.7536
0.7526
0.7581
0.7616
0.7593
0.7532
0.7550
0.7678
0.7742
0.7680
0.7664
0.7785
0.7927
0.7918
0.7814
0.7761
0.7775
0.7794
0.7810
0.7829
0.7861
0.7923
0.7992
0.8085
0.8177
0.8163
0.8069
0.8005
0.7972
0.7967
0.7978
0.7967
0.7910
0.7843
0.7813
0.7833
0.7890
0.7980
0.8096
0.8226
0.8352
0.8445
0.8508
0.8536
0.8442
0.8251
0.8162
0.8151
0.8186
0.8235
0.8259
0.8279
0.8256
0.8184
0.8120
0.8088
0.8005
0.7881
0.7786
0.7773
0.7816
0.7894
0.7989
0.8048
0.8024
0.7963
0.7929
0.7943
0.7985
0.8015
0.8006
0.7979
0.7987
0.8055
0.8146
0.8204
0.8206
0.8185
0.8168
0.8131
0.8051
0.7961
0.7920
0.7932
0.7951
0.7944
0.7921
0.7927
0.7940
0.7930
0.7934
0.7978
0.8031
0.8022
0.7966
0.7950
0.7969
0.8026
0.8133
0.8165
0.8097
0.8103
0.8241
0.8474
0.8761
0.9014
0.9144
0.9057
0.8596
0.8152
0.8041
0.8132
0.8169
0.8091
0.7960
0.7815
0.7730
0.7759
0.7856
0.7948
0.7990
0.8006
0.8041
0.8084
0.8081
0.8013
0.7940
0.7932
0.7965
0.7941
0.7879
0.7858
0.7922
0.8026
0.8097
0.8122
0.8068
0.7934
0.7823
0.7837
0.7909
0.7996
0.8082
0.8128
0.8140
0.8121
0.8113
0.8104
0.8052
0.8000
0.8017
0.8080
0.8117
0.8105
0.8069
0.8037
0.7992
0.7905
0.7842
0.7853
0.7886
0.7887
0.7867
0.7875
0.7916
0.7959
0.7969
0.7937
0.7899
0.7895
0.7923
0.7941
0.7938
0.7942
0.7975
0.8024
0.8071
0.8104
0.8125
0.8148
0.8147
0.7981
0.7799
0.7808
0.7913
0.7982
0.8006
0.7979
0.7944
0.7995
0.8108
0.8171
0.8150
0.8186
0.8142
0.8011
0.7906
0.7838
0.7852
0.7936
0.8042
0.8112
0.8106
0.8099
0.8086
0.8100
0.8112
0.8155
0.8151
0.8135
0.8134
0.8158
0.8136
0.8060
0.7978
0.7937
0.7991
0.8061
0.8076
0.8077
0.8080
0.8058
0.8048
0.8075
0.8104
0.8121
0.8155
0.8171
0.8153
0.8110
0.8085
0.8035
0.8054
0.8156
0.8098
0.7997
0.7999
0.8061
0.8105
0.8102
0.8080