0.1206
0.1209
0.1280
0.1344
0.1298
0.1131
0.0982
0.1106
0.1696
0.2521
0.2982
0.2746
0.2312
0.1913
0.1586
0.1661
0.2013
0.2359
0.2597
0.2319
0.1820
0.1424
0.1216
0.1138
0.1093
0.1068
0.1141
0.1268
0.1287
0.1142
0.0904
0.0745
0.0794
0.1046
0.1321
0.1507
0.1657
0.1969
0.2639
0.3252
0.3094
0.2253
0.1315
0.0811
0.0683
0.0715
0.0835
0.1027
0.1268
0.1359
0.1280
0.1053
0.0830
0.0788
0.1072
0.1260
0.1435
0.1377
0.1150
0.0943
0.0875
0.0957
0.1172
0.1449
0.1627
0.1544
0.1203
0.0843
0.0794
0.1399
0.2034
0.1977
0.1504
0.1137
0.1007
0.0889
0.0822
0.0916
0.1046
0.1202
0.1241
0.1015
0.0717
0.0519
0.0441
0.0504
0.0781
0.1202
0.1471
0.1456
0.1278
0.1163
0.1103
0.1094
0.1173
0.1289
0.1349
0.1316
0.1189
0.1026
0.0915
0.0976
0.1201
0.1319
0.1183
0.0950
0.0745
0.0685
0.0865
0.1253
0.1622
0.1606
0.1180
0.0791
0.0735
0.0951
0.1290
0.1510
0.1504
0.1338
0.1120
0.0910
0.0791
0.0736
0.0800
0.0800
0.0670
0.0579
0.0646
0.0731
0.0672
0.0597
0.0703
0.0980
0.1300
0.1451
0.1341
0.1113
0.0996
0.1040
0.1124
0.1233
0.1483
0.1692
0.1487
0.0875
0.0362
0.0239
0.0362
0.0592
0.0792
0.0862
0.0824
0.0761
0.0736
0.0749
0.0776
0.0817
0.0881
0.0940
0.0939
0.0867
0.0763
0.0708
0.0730
0.0886
0.1125
0.1249
0.1143
0.0933
0.0828
0.0839
0.0805
0.0653
0.0465
0.0339
0.0274
0.0232
0.0204
0.0216
0.0299
0.0451
0.0595
0.0629
0.0547
0.0431
0.0335
0.0286
0.0278
0.0289
0.0313
0.0355
0.0415
0.0479
0.0535
0.0579
0.0617
0.0660
0.0714
0.0777
0.0835
0.0872
0.0843
0.0713
0.0528
0.0428
0.0469
0.0563
0.0645
0.0683
0.0687
0.0676
0.0655
0.0618
0.0568
0.0514
0.0453
0.0387
0.0335
0.0313
0.0319
0.0336
0.0345
0.0345
0.0355
0.0385
0.0422
0.0442
0.0433
0.0402
0.0369
0.0353
0.0352
0.0344
0.0314
0.0270
0.0238
0.0225
0.0217
0.0201
0.0183
0.0183
0.0215
0.0264
0.0300
0.0305
0.0283
0.0260
0.0269
0.0343
0.0462
0.0619
0.0780
0.0793
0.0763
0.0679
0.0581
0.0504
0.0507
0.0643
0.0801
0.0892
0.0950
0.1034
0.1158
0.1260
0.1232
0.1068
0.0957
0.0908
0.0809
0.0647
0.0506
0.0431
0.0405
0.0394
0.0387
0.0383
0.0373
0.0353
0.0340
0.0358
0.0403
0.0427
0.0388
0.0303
0.0237
0.0232
0.0296
0.0392
0.0460
0.0477
0.0468
0.0474
0.0514
0.0573
0.0626
0.0668
0.0679
0.0631
0.0552
0.0490
0.0451
0.0410
0.0374
0.0376
0.0412
0.0472
0.0522
0.0549
0.0519
0.0464
0.0402
0.0378
0.0413
0.0464
0.0517
0.0552
0.0543
0.0499
0.0445
0.0411
0.0412
0.0441
0.0456
0.0438
0.0403
0.0383
0.0409
0.0481
0.0559
0.0603
0.0603
0.0572
0.0523
0.0466
0.0412
0.0368
0.0346
0.0363
0.0504
0.0720
0.0818
0.0681
0.0487
0.0428
0.0419
0.0417
0.0492
0.0656
0.0831
0.0888
0.0820
0.0801
0.0805
0.0811
0.0787
0.0741
0.0667
0.0601
0.0552
0.0539
0.0568
0.0615
0.0676
0.0718
0.0734
0.0714
0.0652
0.0588
0.0527
0.0527
0.0641
0.0770
0.0834
0.0815
0.0767
0.0731
0.0707
0.0673
0.0646
0.0618
0.0545
0.0494
0.0529
0.0611
0.0663
0.0658
0.0630
0.0616
0.0613
0.0608
0.0585
0.0530
0.0467
0.0453
0.0487
0.0528
0.0550
0.0552