3844.0300
3844.1824
3844.3348
3844.4872
3844.6396
3844.7920
3844.9444
3845.0968
3845.2492
3845.4016
3845.5540
3845.7064
3845.8588
3846.0112
3846.1636
3846.3160
3846.4684
3846.6208
3846.7732
3846.9256
3847.0780
3847.2304
3847.3828
3847.5352
3847.6876
3847.8400
3847.9924
3848.1448
3848.2972
3848.4496
3848.6020
3848.7544
3848.9068
3849.0592
3849.2116
3849.3640
3849.5164
3849.6688
3849.8212
3849.9736
3850.1260
3850.2784
3850.4308
3850.5832
3850.7356
3850.8880
3851.0404
3851.1928
3851.3452
3851.4976
3851.6500
3851.8024
3851.9548
3852.1072
3852.2596
3852.4120
3852.5644
3852.7168
3852.8692
3853.0216
3853.1740
3853.3264
3853.4788
3853.6312
3853.7836
3853.9360
3854.0884
3854.2408
3854.3932
3854.5456
3854.6980
3854.8504
3855.0028
3855.1552
3855.3076
3855.4600
3855.6124
3855.7648
3855.9172
3856.0696
3856.2220
3856.3744
3856.5268
3856.6792
3856.8316
3856.9840
3857.1364
3857.2888
3857.4412
3857.5936
3857.7460
3857.8984
3858.0508
3858.2032
3858.3556
3858.5080
3858.6604
3858.8128
3858.9652
3859.1176
3859.2700
3859.4224
3859.5748
3859.7272
3859.8796
3860.0320
3860.1844
3860.3368
3860.4892
3860.6416
3860.7940
3860.9464
3861.0988
3861.2512
3861.4036
3861.5560
3861.7084
3861.8608
3862.0132
3862.1656
3862.3180
3862.4704
3862.6228
3862.7752
3862.9276
3863.0800
3863.2324
3863.3848
3863.5372
3863.6896
3863.8420
3863.9944
3864.1468
3864.2992
3864.4516
3864.6040
3864.7564
3864.9088
3865.0612
3865.2136
3865.3660
3865.5184
3865.6708
3865.8232
3865.9756
3866.1280
3866.2804
3866.4328
3866.5852
3866.7376
3866.8900
3867.0424
3867.1948
3867.3472
3867.4996
3867.6520
3867.8044
3867.9568
3868.1092
3868.2616
3868.4140
3868.5664
3868.7188
3868.8712
3869.0236
3869.1760
3869.3284
3869.4808
3869.6332
3869.7856
3869.9380
3870.0904
3870.2428
3870.3952
3870.5476
3870.7000
3870.8524
3871.0048
3871.1572
3871.3096
3871.4620
3871.6144
3871.7668
3871.9192
3872.0716
3872.2240
3872.3764
3872.5288
3872.6812
3872.8336
3872.9860
3873.1384
3873.2908
3873.4432
3873.5956
3873.7480
3873.9004
3874.0528
3874.2052
3874.3576
3874.5100
3874.6624
3874.8148
3874.9672
3875.1196
3875.2720
3875.4244
3875.5768
3875.7292
3875.8816
3876.0340
3876.1864
3876.3388
3876.4912
3876.6436
3876.7960
3876.9484
3877.1008
3877.2532
3877.4056
3877.5580
3877.7104
3877.8628
3878.0152
3878.1676
3878.3200
3878.4724
3878.6248
3878.7772
3878.9296
3879.0820
3879.2344
3879.3868
3879.5392
3879.6916
3879.8440
3879.9964
3880.1488
3880.3012
3880.4536
3880.6060
3880.7584
3880.9108
3881.0632
3881.2156
3881.3680
3881.5204
3881.6728
3881.8252
3881.9776
3882.1300
3882.2824
3882.4348
3882.5872
3882.7396
3882.8920
3883.0444
3883.1968
3883.3492
3883.5016
3883.6540
3883.8064
3883.9588
3884.1112
3884.2636
3884.4160
3884.5684
3884.7208
3884.8732
3885.0256
3885.1780
3885.3304
3885.4828
3885.6352
3885.7876
3885.9400
3886.0924
3886.2448
3886.3972
3886.5496
3886.7020
3886.8544
3887.0068
3887.1592
3887.3116
3887.4640
3887.6164
3887.7688
3887.9212
3888.0736
3888.2260
3888.3784
3888.5308
3888.6832
3888.8356
3888.9880
3889.1404
3889.2928
3889.4452
3889.5976
3889.7500
3889.9024
3890.0548
3890.2072
3890.3596
3890.5120
3890.6644
3890.8168
3890.9692
3891.1216
3891.2740
3891.4264
3891.5788
3891.7312
3891.8836
3892.0360
3892.1884
3892.3408
3892.4932
3892.6456
3892.7980
3892.9504
3893.1028
3893.2552
3893.4076
3893.5600
3893.7124
3893.8648
3894.0172
3894.1696
3894.3220
3894.4744
3894.6268
3894.7792
3894.9316
3895.0840
3895.2364
3895.3888
3895.5412
3895.6936
3895.8460
3895.9984
3896.1508
3896.3032
3896.4556
3896.6080
3896.7604
3896.9128
3897.0652
3897.2176
3897.3700
3897.5224
3897.6748
3897.8272
3897.9796
3898.1320
3898.2844
3898.4368
3898.5892
3898.7416
3898.8940
3899.0464
3899.1988
3899.3512
3899.5036
3899.6560
3899.8084
3899.9608
3900.1132
3900.2656
3900.4180
3900.5704
3900.7228
3900.8752
3901.0276
3901.1800
3901.3324
3901.4848
3901.6372
3901.7896
3901.9420
3902.0944
3902.2468
3902.3992
3902.5516
3902.7040
3902.8564
3903.0088
3903.1612
3903.3136
3903.4660
3903.6184
3903.7708
3903.9232
3904.0756
3904.2280
3904.3804
3904.5328
3904.6852
3904.8376